-75,
-74,
-76,
-75,
-75,
-75,
-75,
-75,
-75,
-75,
-76,
-75,
-76,
-75,
-76,
-75,
-75,
-75,
-75,
-75,
-76,
-75,
-74,
-74,
-75,
-74,
-75,
-75,
-75,
-75,
-74,
-76,
-75,
-75,
-75,
-75,
-75,
-76,
-75,
-74,
-75,
-75,
-75,
-75,
-75,
-75,
-76,
-75,
-76,
-74,
-74,
-75,
-75,
-74,
-74,
-73,
-75,
-71,
-67,
-68,
-68,
-72,
-77,
-70,
-69,
-69,
-64,
-67,
-75,
-83,
-70,
-72,
-84,
-77,
-77,
-73,
-69,
-68,
-69,
-87,
-75,
-69,
-73,
-86,
-76,
-71,
-73,
-80,
-71,
-71,
-73,
-72,
-70,
-69,
-68,
-69,
-71,
-81,
-72,
-68,
-70,
-74,
-74,
-77,
-75,
-73,
-80,
-76,
-75,
-67,
-77,
-70,
-75,
-75,
-75,
-73,
-85,
-67,
-73,
-66,
-73,
-70,
-69,
-64,
-68,
-64,
-64,
-69,
-70,
-69,
-66,
-68,
-73,
-74,
-64,
-64,
-70,
-72,
-67,
-70,
-66,
-66,
-66,
-66,
-65,
-66,
-66,
-66,
-66,
-65,
-66,
-67,
-67,
-66,
-66,
-66,
-65,
-66,
-66,
-66,
-67,
-66,
-66,
-67,
-67,
-67,
-65,
-65,
-66,
-66,
-67,
-66,
-66,
-66,
-66,
-66,