-79,
-81,
-81,
-80,
-80,
-81,
-80,
-80,
-81,
-80,
-80,
-81,
-81,
-81,
-81,
-81,
-81,
-80,
-80,
-80,
-80,
-80,
-80,
-80,
-80,
-80,
-81,
-79,
-80,
-79,
-81,
-80,
-83,
-81,
-80,
-81,
-80,
-80,
-81,
-81,
-81,
-80,
-79,
-80,
-80,
-82,
-80,
-82,
-80,
-81,
-78,
-73,
-78,
-76,
-78,
-80,
-77,
-77,
-75,
-75,
-77,
-82,
-78,
-80,
-78,
-79,
-73,
-72,
-76,
-67,
-70,
-68,
-72,
-78,
-84,
-73,
-79,
-81,
-76,
-71,
-80,
-66,
-80,
-88,
-72,
-67,
-68,
-75,
-74,
-81,
-70,
-81,
-78,
-70,
-72,
-70,
-73,
-81,
-79,
-91,
-70,
-76,
-80,
-74,
-78,
-75,
-76,
-70,
-71,
-77,
-83,
-74,
-81,
-71,
-72,
-74,
-79,
-74,
-70,
-69,
-72,
-65,
-67,
-68,
-68,
-69,
-66,
-67,
-66,
-67,
-66,
-65,
-67,
-66,
-66,
-69,
-66,
-75,
-65,
-71,
-63,
-65,
-66,
-66,
-66,
-67,
-65,
-67,
-66,
-66,
-67,
-67,
-66,
-67,
-66,
-66,
-66,
-66,
-66,
-67,
-66,
-67,
-66,
-66,
-67,
-67,
-67,
-67,
-67,
-66,
-66,
-67,
-67,
-67,
-67,
-67,
-66,