-54,
-59,
-59,
-60,
-59,
-59,
-60,
-59,
-60,
-60,
-60,
-59,
-60,
-60,
-59,
-58,
-61,
-58,
-59,
-60,
-59,
-60,
-59,
-61,
-59,
-61,
-59,
-58,
-59,
-60,
-59,
-60,
-59,
-59,
-60,
-59,
-60,
-59,
-59,
-60,
-59,
-60,
-59,
-59,
-59,
-60,
-59,
-60,
-59,
-59,
-59,
-60,
-60,
-60,
-60,
-60,
-59,
-58,
-57,
-58,
-57,
-59,
-59,
-60,
-59,
-59,
-62,
-59,
-60,
-59,
-58,
-58,
-60,
-59,
-60,
-59,
-59,
-58,
-58,
-59,
-58,
-60,
-61,
-59,
-59,
-60,
-59,
-59,
-59,
-59,
-59,
-60,
-61,
-58,
-59,
-60,
-59,
-58,
-58,
-59,
-59,
-58,
-59,
-59,
-60,
-61,
-59,
-59,
-58,
-59,
-59,
-59,
-60,
-59,
-59,
-59,
-59,
-59,
-60,
-59,
-58,
-59,
-59,
-59,
-58,
-58,
-59,
-60,
-58,
-59,
-60,
-60,
-59,
-60,
-60,
-59,
-59,
-59,
-60,
-60,
-61,
-60,
-62,
-60,
-60,
-60,
-60,
-59,
-60,
-60,
-60,
-60,
-59,
-59,
-59,
-58,
-58,
-59,
-59,
-59,
-58,
-58,
-58,
-58,
-59,
-59,
-61,
-60,
-59,
-61,
-59,
-59,
-59,
-59,
-59,
-59,
-60,
-59,
-59,
-59,
-60,
-60,
-60,
-59,
-60,
-58,
-58,
-59,
-59,
-60,
-59,
-60,
-61,
-58,
-60,
-60,
-58,
-60,
-61,
-60,
-59,
-60,
-59,
-60,
-60,
-59,
-60,
-60,
-59,
-60,
-59,
-59,
-59,
-58,
-59,
-59,
-59,
-59,
-58,
-59,
-59,
-58,
-59,
-58,
-58,
-60,
-59,
-61,
-60,
-60,
-59,
-60,
-60,
-59,
-60,
-59,
-61,
-61,
-60,
-59,
-59,
-60,
-60,
-58,
-59,
-60,
-60,
-61,
-60,
-61,
-60,
-59,
-60,
-61,
-61,
-60,
-60,
-60,
-61,
-59,
-60,
-58,
-61,
-60,
-59,
-60,
-61,
-60,
-60,
-59,
-59,
-60,
-61,
-60,
-60,
-60,
-59,
-58,
-60,
-60,
-59,
-58,
-60,
-60,
-60,
-61,
-60,
-59,
-59,
-60,
-59,
-59,
-58,
-59,
-60,
-58,
-61,
-60,
-60,
-61,
-61,
-59,
-61,
-64,
-65,
-63,
-63,
-63,
-67,
-69,
-62,
-60,
-57,
-58,
-59,
-60,
-59,
-57,
-57,
-59,
-60,
-62,
-59,
-58,
-57,
-59,
-59,
-61,
-70,
-67,
-67,
-67,
-68,
-69,
-70,
-71,
-65,
-60,
-57,
-56,
-57,
-57,
-63,
-63,
-62,
-60,
-58,
-58,
-58,
-59,
-62,
-61,
-62,
-64,
-69,
-66,
-68,
-65,
-62,
-64,
-65,
-65,
-65,
-63,
-64,
-65,
-64,
-60,
-59,
-61,
-60,
-60,
-57,
-58,
-58,
-60,
-60,
-58,
-56,
-56,
-58,
-58,
-60,
-64,
-63,
-60,
-57,
-57,
-57,
-56,
-58,
-58,
-58,
-59,
-58,
-59,
-58,
-58,
-57,
-57,
-60,
-63,
-64,
-61,
-57,
-58,
-58,
-58,
-57,
-57,
-61,
-62,
-59,
-56,
-58,
-58,
-58,
-59,
-57,
-59,
-58,
-59,
-59,
-59,
-60,
-59,
-56,
-57,
-58,
-59,
-59,
-59,
-58,
-56,
-57,
-57,
-58,
-59,
-59,
-58,
-60,
-67,
-65,
-66,
-68,
-69,
-69,
-72,
-73,
-69,
-62,
-59,
-58,
-57,
-58,
-57,
-61,
-66,
-68,
-63,
-61,
-60,
-63,
-64,
-63,
-60,
-62,
-64,
-66,
-65,
-66,
-63,
-62,
-61,
-63,
-67,
-72,
-66,
-63,
-62,
-64,
-65,
-60,
-59,
-61,
-63,
-66,
-64,
-63,
-67,
-65,
-61,
-62,
-61,
-64,
-65,
-64,
-63,
-63,
-63,
-61,
-59,
-59,
-62,
-59,
-59,
-60,
-60,
-59,
-62,
-58,
-58,
-58,
-59,
-59,
-59,
-59,
-57,
-58,
-59,
-61,
-57,
-58,
-58,
-57,
-57,
-59,
-58,
-58,
-58,
-59,
-58,
-58,
-57,
-58,
-57,
-59,
-59,
-60,
-57,
-57,
-58,
-58,
-59,
-59,
-58,
-58,
-57,
-58,
-59,
-59,
-59,
-58,
-57,
-58,
-58,
-58,
-58,
-57,
-58,
-58,
-58,
-58,
-59,
-58,
-58,
-59,
-59,
-59,
-58,
-58,
-58,
-58,
-58,
-58,
-59,
-59,
-59,
-58,
-57,
-59,
-60,
-58,
-58,
-58,
-57,
-58,
-61,
-61,
-58,
-57,
-58,
-61,
-63,
-66,
-68,
-65,
-65,
-61,
-59,
-59,
-58,
-58,
-58,
-57,
-57,
-57,
-58,
-57,
-58,
-57,
-59,
-58,
-58,
-58,
-59,
-59,
-58,
-57,
-57,
-57,
-58,
-57,
-60,
-58,
-58,
-55,
-55,
-56,
-55,
-58,
-58,
-57,
-59,
-58,
-58,
-57,
-59,
-59,
-58,
-58,
-59,
-59,
-57,
-58,
-58,
-58,
-59,
-59,
-57,
-57,
-59,
-58,
-58,
-58,
-57,
-58,
-58,
-58,
-59,
-57,
-57,
-58,
-58,
-58,
-58,
-58,
-58,
-58,
-57,
-58,
-58,
-57,
-59,
-58,
-58,
-58,
-57,
-58,
-58,
-57,
-58,
-58,
-59,
-59,
-57,
-58,
-58,
-59,
-58,
-59,
-60,
-59,
-57,
-59,
-58,
-57,
-58,
-59,
-59,
-58,
-57,
-58,
-58,
-57,
-58,
-57,
-57,
-57,
-59,
-57,
-59,
-58,
-58,
-58,
-58,
-57,
-59,
-58,
-58,
-58,
-58,
-58,
-60,
-60,
-58,
-58,
-60,
-58,
-58,
-57,
-58,
-59,
-58,
-58,
-57,
-58,
-58,
-58,
-59,
-58,
-59,
-57,
-57,
-57,
-57,