-74,
-74,
-73,
-73,
-73,
-74,
-73,
-75,
-74,
-73,
-73,
-74,
-73,
-73,
-73,
-74,
-74,
-74,
-73,
-74,
-73,
-73,
-73,
-74,
-74,
-73,
-74,
-73,
-74,
-76,
-78,
-74,
-74,
-74,
-73,
-74,
-75,
-74,
-74,
-74,
-73,
-74,
-73,
-74,
-73,
-73,
-74,
-74,
-72,
-73,
-73,
-74,
-75,
-75,
-73,
-72,
-73,
-71,
-76,
-70,
-72,
-72,
-73,
-74,
-73,
-75,
-81,
-79,
-84,
-80,
-77,
-83,
-81,
-84,
-78,
-83,
-73,
-71,
-75,
-82,
-74,
-71,
-78,
-82,
-78,
-75,
-81,
-77,
-71,
-74,
-72,
-72,
-76,
-75,
-74,
-75,
-77,
-77,
-81,
-76,
-74,
-72,
-78,
-77,
-77,
-72,
-74,
-78,
-78,
-73,
-70,
-76,
-84,
-74,
-78,
-87,
-84,
-75,
-69,
-69,
-68,
-78,
-79,
-76,
-72,
-70,
-71,
-71,
-72,
-72,
-71,
-73,
-72,
-71,
-70,
-74,
-75,
-90,
-85,
-81,
-73,
-71,
-73,
-72,
-73,
-71,
-70,
-71,
-71,
-70,
-70,
-70,
-70,
-70,
-70,
-71,
-70,
-70,
-70,
-72,
-71,
-70,
-72,
-71,
-70,
-72,
-71,
-71,
-71,
-70,
-70,
-71,
-71,
-71,
-70,
-70,
-70,