-66,
-66,
-67,
-66,
-67,
-66,
-66,
-66,
-67,
-66,
-67,
-67,
-67,
-67,
-66,
-67,
-67,
-66,
-66,
-67,
-66,
-67,
-67,
-67,
-67,
-67,
-67,
-67,
-67,
-67,
-66,
-67,
-66,
-67,
-67,
-67,
-67,
-67,
-66,
-67,
-66,
-67,
-66,
-67,
-66,
-66,
-66,
-67,
-66,
-66,
-67,
-66,
-67,
-66,
-67,
-66,
-66,
-67,
-67,
-67,
-67,
-66,
-66,
-67,
-67,
-68,
-66,
-66,
-63,
-64,
-70,
-66,
-70,
-62,
-63,
-72,
-68,
-69,
-62,
-59,
-63,
-58,
-75,
-65,
-66,
-80,
-63,
-60,
-70,
-62,
-59,
-68,
-69,
-63,
-55,
-60,
-57,
-60,
-63,
-67,
-58,
-59,
-61,
-57,
-55,
-57,
-56,
-62,
-65,
-62,
-58,
-59,
-63,
-60,
-62,
-63,
-69,
-61,
-60,
-71,
-58,
-64,
-64,
-67,
-64,
-67,
-66,
-62,
-70,
-70,
-73,
-69,
-74,
-73,
-71,
-72,
-72,
-72,
-73,
-76,
-76,
-71,
-70,
-71,
-73,
-70,
-73,
-72,
-73,
-77,
-74,
-77,
-74,
-72,
-72,
-72,
-72,
-72,
-71,
-73,
-71,
-73,
-72,
-75,
-80,
-76,
-75,
-73,
-76,
-74,
-74,
-75,
-75,
-76,
-72,
-72,
-69,
-70,
-71,