-55,
-54,
-54,
-54,
-54,
-55,
-55,
-54,
-55,
-55,
-54,
-54,
-55,
-54,
-54,
-55,
-55,
-54,
-55,
-54,
-55,
-54,
-54,
-55,
-54,
-54,
-55,
-55,
-54,
-54,
-55,
-55,
-55,
-54,
-54,
-55,
-55,
-55,
-55,
-54,
-55,
-55,
-55,
-55,
-55,
-54,
-54,
-54,
-55,
-55,
-55,
-55,
-55,
-55,
-55,
-55,
-55,
-52,
-55,
-54,
-54,
-54,
-55,
-54,
-54,
-58,
-64,
-59,
-61,
-71,
-56,
-57,
-59,
-59,
-51,
-55,
-53,
-51,
-58,
-65,
-53,
-52,
-62,
-58,
-61,
-54,
-54,
-58,
-61,
-58,
-53,
-56,
-52,
-50,
-51,
-60,
-54,
-66,
-60,
-60,
-58,
-67,
-70,
-67,
-62,
-54,
-53,
-59,
-60,
-54,
-59,
-60,
-52,
-51,
-60,
-59,
-54,
-57,
-64,
-53,
-53,
-49,
-56,
-54,
-61,
-56,
-54,
-54,
-65,
-60,
-58,
-58,
-57,
-57,
-57,
-58,
-58,
-57,
-58,
-58,
-57,
-57,
-57,
-57,
-57,
-57,
-58,
-57,
-57,
-57,
-57,
-57,
-57,
-58,
-58,
-57,
-57,