-77,
-79,
-81,
-80,
-81,
-81,
-81,
-81,
-80,
-80,
-81,
-80,
-81,
-82,
-81,
-81,
-79,
-80,
-81,
-80,
-81,
-82,
-81,
-81,
-83,
-83,
-83,
-83,
-80,
-80,
-80,
-79,
-79,
-79,
-79,
-81,
-81,
-82,
-80,
-79,
-81,
-80,
-80,
-80,
-80,
-79,
-80,
-79,
-80,
-80,
-80,
-79,
-79,
-80,
-81,
-80,
-81,
-80,
-79,
-79,
-80,
-78,
-78,
-79,
-81,
-81,
-80,
-80,
-80,
-80,
-80,
-79,
-80,
-81,
-80,
-80,
-79,
-78,
-80,
-81,
-81,
-81,
-82,
-81,
-81,
-81,
-80,
-81,
-80,
-80,
-84,
-83,
-82,
-82,
-82,
-81,
-81,
-81,
-80,
-79,
-80,
-81,
-80,
-81,
-81,
-81,
-81,
-78,
-80,
-80,
-81,
-81,
-82,
-80,
-79,
-79,
-80,
-80,
-80,
-80,
-80,
-79,
-80,
-80,
-79,
-81,
-81,
-80,
-80,
-81,
-82,
-81,
-79,
-80,
-81,
-80,
-80,
-82,
-80,
-82,
-80,
-81,
-79,
-79,
-81,
-82,
-79,
-81,
-80,
-81,
-80,
-80,
-79,
-79,
-80,
-81,
-80,
-80,
-81,
-81,
-81,
-80,
-80,
-80,
-81,
-80,
-81,
-81,
-82,
-80,
-80,
-79,
-78,
-80,
-80,
-81,
-80,
-80,
-80,
-81,
-81,
-80,
-82,
-81,
-80,
-81,
-81,
-79,
-80,
-81,
-80,
-80,
-81,
-81,
-80,
-80,
-80,
-81,
-82,
-81,
-81,
-80,
-81,
-80,
-80,
-82,
-80,
-81,
-79,
-80,
-80,
-80,
-81,
-81,
-81,
-80,
-81,
-81,
-80,
-80,
-81,
-81,
-82,
-80,
-80,
-79,
-80,
-81,
-80,
-80,
-80,
-79,
-81,
-82,
-82,
-81,
-81,
-80,
-81,
-78,
-79,
-80,
-81,
-81,
-80,
-80,
-81,
-73,
-75,
-76,
-76,
-79,
-79,
-77,
-75,
-75,
-73,
-74,
-77,
-78,
-76,
-77,
-75,
-75,
-76,
-78,
-75,
-77,
-75,
-73,
-73,
-73,
-73,
-77,
-82,
-77,
-75,
-73,
-72,
-73,
-76,
-77,
-76,
-75,
-74,
-77,
-78,
-79,
-76,
-76,
-76,
-76,
-75,
-74,
-75,
-76,
-77,
-75,
-74,
-76,
-77,
-77,
-76,
-77,
-76,
-76,
-75,
-74,
-74,
-75,
-75,
-75,
-73,
-73,
-73,
-73,
-75,
-76,
-76,
-75,
-76,
-74,
-72,
-73,
-73,
-74,
-74,
-74,
-73,
-73,
-73,
-74,
-72,
-73,
-73,
-73,
-73,
-73,
-73,
-76,
-80,
-80,
-75,
-74,
-74,
-78,
-80,
-79,
-79,
-79,
-80,
-80,
-78,
-75,
-74,
-76,
-77,
-77,
-76,
-76,
-74,
-76,
-76,
-75,
-76,
-76,
-75,
-75,
-74,
-74,
-74,
-75,
-74,
-74,
-74,
-73,
-74,
-75,
-76,
-75,
-76,
-74,
-73,
-74,
-73,
-74,
-74,
-75,
-74,
-74,
-74,
-72,
-73,
-73,
-75,
-75,
-73,
-73,
-74,
-75,
-77,
-75,
-76,
-74,
-71,
-71,
-71,
-71,
-74,
-78,
-76,
-77,
-77,
-78,
-78,
-76,
-73,
-74,
-73,
-74,
-75,
-75,
-79,
-80,
-81,
-73,
-77,
-75,
-73,
-73,
-75,
-76,
-76,
-79,
-83,
-80,
-78,
-78,
-75,
-76,
-75,
-75,
-75,
-78,
-77,
-78,
-81,
-79,
-78,
-79,
-80,
-78,
-80,
-79,
-81,
-81,
-82,
-81,
-80,
-80,
-81,
-81,
-81,
-79,
-79,
-81,
-81,
-80,
-80,
-80,
-81,
-82,
-80,
-80,
-79,
-80,
-82,
-80,
-80,
-80,
-79,
-80,
-79,
-80,
-80,
-80,
-82,
-80,
-80,
-82,
-82,
-82,
-81,
-81,
-82,
-80,
-81,
-81,
-82,
-80,
-81,
-81,
-80,
-80,
-80,
-80,
-81,
-81,
-79,
-80,
-80,
-80,
-81,
-82,
-81,
-80,
-82,
-81,
-81,
-81,
-80,
-81,
-81,
-81,
-81,
-81,
-81,
-81,
-80,
-81,
-80,
-81,
-81,
-80,
-78,
-79,
-80,
-79,
-80,
-81,
-81,
-81,
-81,
-81,
-79,
-78,
-78,
-79,
-79,
-80,
-80,
-80,
-79,
-80,