-60,
-61,
-61,
-61,
-61,
-61,
-61,
-61,
-60,
-61,
-61,
-61,
-61,
-61,
-61,
-61,
-62,
-62,
-62,
-61,
-61,
-61,
-61,
-61,
-61,
-61,
-61,
-61,
-62,
-62,
-61,
-61,
-61,
-62,
-61,
-61,
-62,
-62,
-61,
-61,
-61,
-61,
-61,
-62,
-61,
-61,
-61,
-62,
-61,
-61,
-61,
-61,
-61,
-61,
-61,
-61,
-61,
-61,
-61,
-61,
-61,
-62,
-62,
-61,
-62,
-60,
-61,
-61,
-61,
-61,
-61,
-62,
-59,
-61,
-72,
-70,
-65,
-65,
-69,
-69,
-62,
-62,
-72,
-66,
-62,
-58,
-61,
-59,
-67,
-61,
-65,
-66,
-69,
-65,
-62,
-66,
-62,
-63,
-61,
-59,
-73,
-61,
-67,
-60,
-69,
-66,
-65,
-68,
-67,
-72,
-62,
-67,
-69,
-60,
-72,
-66,
-65,
-62,
-78,
-72,
-73,
-69,
-72,
-72,
-70,
-61,
-69,
-67,
-62,
-67,
-67,
-60,
-62,
-61,
-65,
-67,
-65,
-62,
-67,
-60,
-60,
-61,
-60,
-60,
-61,
-61,
-61,
-60,
-61,
-60,
-61,
-61,
-61,
-61,
-61,
-60,
-61,
-61,
-61,
-60,
-61,
-61,
-60,
-60,
-60,
-60,