-59,
-60,
-60,
-60,
-61,
-61,
-60,
-61,
-60,
-60,
-60,
-60,
-61,
-61,
-61,
-60,
-60,
-60,
-60,
-61,
-60,
-60,
-60,
-61,
-60,
-60,
-60,
-60,
-60,
-60,
-61,
-60,
-61,
-60,
-60,
-60,
-60,
-60,
-60,
-60,
-60,
-60,
-60,
-60,
-61,
-60,
-60,
-60,
-60,
-60,
-61,
-60,
-60,
-60,
-60,
-60,
-60,
-60,
-60,
-60,
-60,
-60,
-60,
-62,
-61,
-63,
-61,
-63,
-63,
-61,
-65,
-58,
-56,
-56,
-65,
-57,
-68,
-68,
-65,
-75,
-71,
-57,
-62,
-63,
-63,
-67,
-57,
-57,
-60,
-59,
-57,
-56,
-58,
-61,
-61,
-57,
-56,
-55,
-61,
-64,
-61,
-76,
-54,
-76,
-61,
-63,
-78,
-76,
-73,
-55,
-67,
-64,
-58,
-62,
-62,
-55,
-55,
-53,
-56,
-63,
-65,
-62,
-59,
-65,
-64,
-63,
-60,
-61,
-61,
-51,
-61,
-61,
-62,
-69,
-65,
-65,
-65,
-73,
-70,
-72,
-72,
-70,
-76,
-70,
-70,
-71,
-70,
-71,
-70,
-70,
-70,
-69,
-69,
-69,
-68,
-70,
-69,
-71,
-69,
-69,
-69,
-70,
-69,