-74,
-74,
-73,
-74,
-74,
-74,
-73,
-74,
-73,
-74,
-73,
-74,
-74,
-74,
-74,
-73,
-74,
-74,
-74,
-74,
-74,
-73,
-74,
-73,
-74,
-74,
-74,
-74,
-74,
-73,
-74,
-74,
-73,
-74,
-73,
-74,
-74,
-74,
-74,
-73,
-73,
-74,
-74,
-74,
-73,
-74,
-74,
-73,
-74,
-74,
-74,
-74,
-74,
-74,
-74,
-74,
-74,
-74,
-75,
-73,
-73,
-74,
-76,
-64,
-62,
-66,
-71,
-62,
-66,
-63,
-68,
-69,
-73,
-67,
-65,
-69,
-72,
-71,
-70,
-81,
-75,
-72,
-73,
-67,
-73,
-78,
-77,
-83,
-76,
-70,
-79,
-64,
-73,
-68,
-68,
-67,
-64,
-66,
-65,
-68,
-66,
-66,
-71,
-69,
-74,
-68,
-73,
-72,
-68,
-67,
-72,
-66,
-66,
-72,
-73,
-74,
-71,
-78,
-70,
-66,
-66,
-68,
-72,
-66,
-66,
-66,
-67,
-66,
-67,
-66,
-66,
-66,
-67,
-67,
-66,
-67,
-66,
-67,
-67,
-67,
-67,
-66,
-66,
-67,
-67,
-66,
-66,
-66,
-67,
-67,
-67,
-66,
-66,