-69,
-69,
-68,
-68,
-68,
-69,
-69,
-68,
-70,
-67,
-71,
-69,
-69,
-69,
-68,
-69,
-69,
-69,
-70,
-69,
-68,
-68,
-68,
-68,
-70,
-68,
-68,
-68,
-68,
-68,
-68,
-69,
-69,
-68,
-71,
-69,
-69,
-67,
-71,
-70,
-67,
-66,
-69,
-68,
-66,
-67,
-68,
-71,
-68,
-70,
-70,
-73,
-73,
-69,
-72,
-85,
-77,
-80,
-71,
-76,
-79,
-78,
-82,
-76,
-83,
-70,
-70,
-68,
-67,
-66,
-69,
-71,
-69,
-67,
-71,
-70,
-70,
-74,
-70,
-75,
-69,
-67,
-73,
-72,
-72,
-73,
-71,
-72,
-75,
-72,
-72,
-73,
-89,
-75,
-82,
-75,
-75,
-69,
-66,
-76,
-75,
-69,
-69,
-67,
-89,
-88,
-74,
-72,
-78,
-81,
-70,
-83,
-77,
-74,
-85,
-79,
-82,
-77,
-80,
-77,
-70,
-73,
-69,
-72,
-70,
-69,
-70,
-71,
-78,
-75,
-72,
-74,
-75,
-71,
-73,
-83,
-81,
-89,
-70,
-78,
-80,
-84,
-71,
-76,
-71,
-68,
-70,
-71,
-70,
-70,
-67,
-65,
-70,
-70,
-76,
-74,
-75,
-73,
-72,
-68,
-69,
-69,
-68,
-74,
-72,
-68,
-68,
-69,
-69,
-69,
-68,
-69,
-70,
-68,
-69,