-47,
-47,
-47,
-47,
-48,
-47,
-47,
-48,
-48,
-47,
-47,
-47,
-47,
-47,
-47,
-49,
-47,
-47,
-49,
-48,
-47,
-47,
-47,
-47,
-47,
-48,
-49,
-47,
-47,
-47,
-48,
-47,
-48,
-47,
-47,
-47,
-48,
-48,
-47,
-48,
-47,
-47,
-48,
-48,
-48,
-48,
-49,
-46,
-48,
-48,
-49,
-49,
-48,
-74,
-62,
-56,
-63,
-67,
-55,
-61,
-61,
-52,
-48,
-47,
-65,
-66,
-65,
-71,
-62,
-73,
-60,
-57,
-61,
-70,
-58,
-58,
-63,
-52,
-49,
-48,
-48,
-53,
-57,
-52,
-52,
-51,
-54,
-48,
-47,
-49,
-48,
-54,
-51,
-52,
-49,
-52,
-56,
-57,
-57,
-50,
-68,
-65,
-74,
-59,
-62,
-47,
-47,
-48,
-53,
-65,
-66,
-64,
-46,
-47,
-48,
-68,
-61,
-52,
-56,
-51,
-48,
-55,
-60,
-64,
-67,
-52,
-58,
-50,
-51,
-51,
-50,
-52,
-59,
-58,
-51,
-55,
-60,
-62,
-66,
-53,
-51,
-48,
-52,
-44,
-44,
-46,
-46,
-46,
-45,
-45,
-45,
-45,
-45,
-46,
-45,
-46,
-46,
-47,
-46,
-45,
-45,
-45,
-46,
-45,
-45,
-45,
-45,
-46,
-46,
-45,
-45,
-45,
-47,
-45,
-45,
-45,