-64,
-68,
-68,
-68,
-67,
-68,
-68,
-68,
-68,
-68,
-68,
-68,
-68,
-68,
-68,
-68,
-68,
-68,
-68,
-68,
-68,
-68,
-68,
-68,
-68,
-68,
-68,
-69,
-68,
-68,
-68,
-69,
-68,
-69,
-68,
-68,
-68,
-68,
-68,
-68,
-69,
-68,
-68,
-68,
-68,
-68,
-69,
-68,
-68,
-68,
-68,
-68,
-69,
-68,
-68,
-68,
-68,
-68,
-68,
-68,
-67,
-68,
-68,
-69,
-68,
-69,
-69,
-68,
-69,
-68,
-69,
-69,
-69,
-68,
-69,
-68,
-69,
-68,
-69,
-69,
-69,
-69,
-68,
-68,
-68,
-68,
-68,
-68,
-69,
-69,
-69,
-68,
-68,
-68,
-68,
-68,
-69,
-69,
-69,
-69,
-68,
-68,
-68,
-68,
-68,
-68,
-69,
-69,
-68,
-69,
-69,
-69,
-69,
-68,
-69,
-68,
-68,
-68,
-69,
-69,
-68,
-69,
-69,
-68,
-69,
-68,
-69,
-68,
-68,
-68,
-69,
-68,
-68,
-68,
-68,
-68,
-68,
-68,
-68,
-68,
-68,
-68,
-68,
-68,
-68,
-69,
-69,
-69,
-68,
-68,
-68,
-69,
-68,
-69,
-69,
-69,
-68,
-67,
-68,
-68,
-67,
-67,
-68,
-68,
-68,
-67,
-68,
-68,
-68,
-68,
-69,
-69,
-75,
-71,
-72,
-74,
-76,
-74,
-71,
-71,
-74,
-71,
-69,
-69,
-69,
-72,
-73,
-74,
-71,
-71,
-71,
-72,
-74,
-75,
-75,
-75,
-76,
-75,
-74,
-73,
-71,
-71,
-69,
-69,
-69,
-68,
-68,
-69,
-68,
-68,
-68,
-70,
-70,
-73,
-74,
-73,
-74,
-76,
-79,
-79,
-76,
-76,
-76,
-78,
-78,
-80,
-79,
-77,
-78,
-77,
-76,
-75,
-74,
-76,
-76,
-76,
-75,
-73,
-73,
-74,
-75,
-77,
-75,
-76,
-79,
-79,
-78,
-76,
-78,
-76,
-75,
-78,
-78,
-75,
-75,
-74,
-74,
-75,
-76,
-77,
-77,
-77,
-79,
-77,
-77,
-77,
-78,
-75,
-75,
-75,
-78,
-74,
-73,
-71,
-69,
-68,
-70,
-70,
-67,
-70,
-73,
-76,
-78,
-77,
-76,
-78,
-80,
-76,
-74,
-76,
-76,
-75,
-76,
-78,
-76,
-74,
-73,
-74,
-74,
-75,
-76,
-76,
-76,
-74,
-73,
-74,
-77,
-77,
-76,
-75,
-76,
-74,
-74,
-74,
-73,
-72,
-72,
-73,
-73,
-77,
-77,
-74,
-76,
-78,
-78,
-77,
-77,
-76,
-76,
-76,
-77,
-79,
-79,
-77,
-75,
-75,
-75,
-76,
-76,
-75,
-73,
-72,
-74,
-74,
-76,
-77,
-75,
-76,
-78,
-75,
-78,
-80,
-80,
-74,
-77,
-77,
-76,
-75,
-75,
-72,
-69,
-68,
-72,
-71,
-72,
-73,
-70,
-69,
-67,
-70,
-75,
-78,
-74,
-77,
-77,
-75,
-75,
-77,
-78,
-77,
-79,
-79,
-74,
-72,
-73,
-73,
-73,
-73,
-75,
-77,
-76,
-71,
-69,
-74,
-78,
-76,
-77,
-78,
-80,
-80,
-77,
-74,
-72,
-72,
-74,
-76,
-76,
-74,
-70,
-75,
-76,
-77,
-74,
-74,
-77,
-76,
-73,
-73,
-76,
-77,
-74,
-70,
-70,
-71,
-72,
-73,
-76,
-74,
-72,
-75,
-76,
-72,
-71,
-73,
-73,
-74,
-73,
-72,
-67,
-65,
-67,
-66,
-66,
-67,
-64,
-65,
-66,
-64,
-67,
-67,
-67,
-70,
-72,
-74,
-71,
-73,
-75,
-75,
-73,
-70,
-75,
-77,
-76,
-79,
-79,
-78,
-79,
-77,
-73,
-72,
-72,
-73,
-75,
-78,
-76,
-79,
-77,
-79,
-77,
-75,
-76,
-77,
-76,
-78,
-77,
-77,
-75,
-73,
-72,
-70,
-70,
-67,
-65,
-67,
-71,
-75,
-76,
-77,
-77,
-79,
-77,
-76,
-75,
-77,
-75,
-75,
-79,
-77,
-71,
-71,
-73,
-73,
-74,
-71,
-72,
-75,
-73,
-75,
-79,
-76,
-75,
-75,
-75,
-73,
-71,
-68,
-67,
-67,
-67,
-66,
-67,
-67,
-70,
-69,
-75,
-70,
-68,
-66,
-67,
-68,
-68,
-68,
-68,
-70,
-70,
-69,
-71,
-69,
-68,
-68,
-68,
-68,
-68,
-68,
-68,
-68,
-68,
-68,
-69,
-68,
-68,
-68,
-68,
-69,
-68,
-68,
-68,
-68,
-68,
-68,
-68,
-68,
-68,
-68,
-68,
-68,
-68,
-68,
-68,
-68,
-68,
-68,
-68,
-68,
-68,
-68,
-67,
-68,
-68,
-68,
-68,
-68,
-68,
-68,
-68,
-68,
-68,
-68,
-68,
-68,
-68,
-68,
-68,
-67,
-68,
-68,
-68,
-68,
-68,
-68,
-68,
-68,
-68,
-68,
-68,
-68,
-68,
-68,
-68,
-68,
-68,
-68,
-68,
-67,
-68,
-68,
-68,
-68,
-68,
-68,
-68,
-68,
-68,
-68,
-68,
-68,
-68,
-68,
-68,
-68,
-68,
-68,
-68,
-68,
-68,
-68,
-67,
-68,
-68,
-68,
-68,
-68,
-67,
-68,
-68,
-68,
-68,
-67,
-68,
-67,