-59,
-60,
-59,
-59,
-59,
-59,
-60,
-59,
-59,
-60,
-60,
-59,
-60,
-59,
-60,
-59,
-59,
-59,
-59,
-59,
-60,
-59,
-59,
-59,
-59,
-59,
-59,
-60,
-60,
-60,
-60,
-60,
-60,
-60,
-60,
-60,
-60,
-60,
-60,
-60,
-59,
-61,
-63,
-57,
-58,
-57,
-55,
-56,
-54,
-64,
-65,
-58,
-54,
-54,
-58,
-57,
-73,
-56,
-59,
-59,
-58,
-59,
-65,
-67,
-58,
-64,
-55,
-59,
-72,
-59,
-62,
-56,
-54,
-52,
-53,
-58,
-62,
-62,
-60,
-68,
-75,
-69,
-68,
-61,
-59,
-62,
-59,
-64,
-75,
-56,
-57,
-54,
-54,
-54,
-66,
-61,
-57,
-57,
-55,
-61,
-69,
-72,
-57,
-56,
-53,
-65,
-65,
-60,
-59,
-60,
-66,
-67,
-57,
-61,
-60,
-67,
-66,
-54,
-59,
-52,
-53,
-53,
-56,
-56,
-54,
-60,
-59,
-52,
-57,
-56,
-61,
-59,
-62,
-62,
-66,
-58,
-54,
-61,
-63,
-60,
-62,
-61,
-62,
-59,
-59,
-59,
-60,
-59,
-59,
-58,
-59,
-59,
-59,
-59,
-58,
-59,
-59,
-59,
-58,
-58,
-58,
-59,
-60,
-59,
-61,
-59,
-59,
-59,
-59,
-59,