-63,
-63,
-63,
-63,
-63,
-63,
-63,
-63,
-63,
-63,
-63,
-63,
-62,
-63,
-63,
-63,
-63,
-63,
-64,
-63,
-63,
-63,
-63,
-64,
-63,
-63,
-63,
-63,
-63,
-64,
-64,
-63,
-63,
-63,
-63,
-64,
-64,
-63,
-64,
-64,
-63,
-63,
-63,
-63,
-64,
-64,
-64,
-62,
-64,
-63,
-63,
-65,
-68,
-64,
-70,
-72,
-70,
-73,
-70,
-79,
-67,
-73,
-75,
-67,
-90,
-80,
-68,
-76,
-66,
-71,
-72,
-78,
-76,
-66,
-65,
-71,
-71,
-63,
-67,
-68,
-68,
-69,
-64,
-65,
-62,
-64,
-69,
-62,
-69,
-70,
-60,
-75,
-76,
-60,
-76,
-64,
-70,
-67,
-71,
-81,
-76,
-69,
-67,
-62,
-65,
-69,
-61,
-75,
-69,
-64,
-66,
-65,
-64,
-63,
-65,
-64,
-67,
-65,
-65,
-69,
-67,
-68,
-69,
-72,
-71,
-68,
-67,
-67,
-61,
-67,
-67,
-62,
-70,
-64,
-67,
-75,
-71,
-70,
-77,
-71,
-70,
-71,
-77,
-73,
-77,
-66,
-73,
-83,
-72,
-73,
-74,
-70,
-71,
-74,
-76,
-76,
-77,
-76,
-76,
-75,
-76,
-76,
-75,
-76,
-76,
-77,
-77,
-76,
-77,
-75,
-77,
-76,
-76,
-76,
-76,
-75,