-65,
-65,
-65,
-65,
-66,
-65,
-65,
-66,
-66,
-65,
-66,
-65,
-66,
-65,
-66,
-66,
-65,
-66,
-66,
-65,
-66,
-65,
-65,
-66,
-66,
-65,
-66,
-66,
-65,
-66,
-65,
-65,
-65,
-65,
-65,
-66,
-65,
-65,
-66,
-66,
-66,
-65,
-66,
-65,
-65,
-65,
-66,
-65,
-65,
-70,
-63,
-68,
-73,
-72,
-68,
-72,
-72,
-77,
-70,
-69,
-69,
-71,
-64,
-75,
-80,
-65,
-67,
-66,
-71,
-71,
-71,
-64,
-64,
-64,
-68,
-77,
-70,
-81,
-66,
-63,
-66,
-63,
-69,
-68,
-70,
-61,
-62,
-69,
-60,
-66,
-67,
-66,
-77,
-77,
-82,
-82,
-70,
-76,
-65,
-64,
-67,
-65,
-66,
-69,
-69,
-71,
-73,
-73,
-84,
-73,
-66,
-77,
-66,
-68,
-67,
-69,
-74,
-66,
-62,
-79,
-76,
-79,
-72,
-61,
-59,
-60,
-66,
-71,
-67,
-63,
-71,
-64,
-75,
-64,
-74,
-78,
-75,
-79,
-70,
-64,
-69,
-66,
-69,
-66,
-77,
-70,
-67,
-73,
-75,
-71,
-72,
-71,
-71,
-72,
-71,
-71,
-71,
-71,
-72,
-71,
-71,
-72,
-71,
-71,
-71,
-72,
-72,
-71,
-71,
-72,
-71,
-72,
-72,
-72,
-72,
-72,
-72,
-71,
-70,
-72,