-65,
-65,
-66,
-65,
-66,
-66,
-65,
-66,
-65,
-65,
-65,
-65,
-66,
-66,
-66,
-66,
-66,
-66,
-66,
-66,
-65,
-65,
-66,
-66,
-66,
-66,
-65,
-66,
-66,
-67,
-66,
-65,
-65,
-65,
-66,
-66,
-65,
-66,
-64,
-65,
-63,
-65,
-62,
-68,
-67,
-70,
-76,
-68,
-69,
-63,
-71,
-62,
-63,
-65,
-64,
-64,
-65,
-66,
-63,
-59,
-69,
-66,
-60,
-61,
-61,
-68,
-70,
-63,
-62,
-68,
-64,
-61,
-61,
-63,
-74,
-68,
-69,
-62,
-69,
-78,
-65,
-63,
-74,
-65,
-62,
-58,
-58,
-59,
-62,
-71,
-66,
-66,
-76,
-62,
-69,
-69,
-61,
-70,
-78,
-68,
-58,
-60,
-73,
-66,
-64,
-58,
-68,
-63,
-57,
-58,
-61,
-64,
-65,
-75,
-67,
-58,
-57,
-55,
-62,
-62,
-61,
-65,
-69,
-78,
-73,
-58,
-60,
-73,
-60,
-62,
-69,
-78,
-59,
-60,
-61,
-62,
-62,
-67,
-74,
-68,
-77,
-61,
-66,
-69,
-74,
-66,
-62,
-59,
-60,
-58,
-59,
-59,
-58,
-59,
-59,
-59,
-60,
-58,
-58,
-59,
-58,
-59,
-59,
-59,
-59,
-59,
-59,
-59,
-59,
-58,
-60,
-59,
-60,
-61,
-59,
-60,
-59,
-59,
-59,
-59,