-60,
-60,
-60,
-60,
-59,
-60,
-60,
-60,
-60,
-60,
-60,
-60,
-60,
-60,
-59,
-60,
-60,
-59,
-59,
-59,
-60,
-59,
-59,
-60,
-60,
-60,
-60,
-59,
-60,
-59,
-60,
-60,
-60,
-60,
-60,
-60,
-59,
-60,
-59,
-60,
-60,
-60,
-60,
-59,
-60,
-60,
-59,
-58,
-61,
-63,
-64,
-65,
-61,
-65,
-62,
-61,
-60,
-64,
-73,
-63,
-76,
-61,
-68,
-67,
-64,
-65,
-69,
-62,
-66,
-68,
-62,
-67,
-63,
-74,
-62,
-64,
-61,
-72,
-71,
-75,
-78,
-69,
-78,
-69,
-74,
-65,
-66,
-70,
-66,
-68,
-69,
-72,
-65,
-67,
-63,
-73,
-62,
-60,
-65,
-68,
-65,
-59,
-64,
-67,
-66,
-84,
-67,
-63,
-65,
-67,
-72,
-73,
-68,
-66,
-63,
-71,
-71,
-60,
-63,
-65,
-71,
-63,
-70,
-64,
-67,
-79,
-79,
-73,
-74,
-61,
-68,
-61,
-64,
-65,
-58,
-66,
-63,
-65,
-62,
-59,
-62,
-64,
-62,
-63,
-72,
-67,
-62,
-62,
-62,
-62,
-62,
-62,
-62,
-62,
-62,
-62,
-62,
-62,
-62,
-62,
-62,
-62,
-62,
-62,
-63,
-62,
-62,
-62,
-62,
-62,
-62,
-63,
-63,
-64,
-62,
-62,
-63,
-62,
-63,