-77,
-79,
-80,
-79,
-79,
-79,
-80,
-79,
-80,
-79,
-80,
-80,
-79,
-79,
-80,
-79,
-80,
-79,
-81,
-81,
-83,
-82,
-82,
-79,
-80,
-80,
-79,
-79,
-79,
-79,
-79,
-80,
-79,
-79,
-79,
-80,
-79,
-79,
-79,
-79,
-79,
-79,
-81,
-82,
-80,
-80,
-79,
-78,
-80,
-80,
-80,
-80,
-80,
-80,
-79,
-79,
-80,
-80,
-81,
-80,
-78,
-80,
-79,
-80,
-80,
-79,
-79,
-79,
-79,
-80,
-79,
-80,
-81,
-80,
-79,
-79,
-80,
-80,
-79,
-80,
-79,
-79,
-79,
-79,
-80,
-80,
-79,
-78,
-79,
-79,
-79,
-79,
-79,
-79,
-79,
-79,
-80,
-78,
-79,
-79,
-80,
-81,
-79,
-79,
-80,
-79,
-79,
-79,
-80,
-79,
-80,
-79,
-80,
-79,
-79,
-79,
-79,
-80,
-78,
-79,
-79,
-79,
-80,
-81,
-80,
-79,
-79,
-79,
-79,
-79,
-77,
-79,
-79,
-79,
-79,
-79,
-79,
-79,
-80,
-80,
-80,
-78,
-80,
-79,
-80,
-78,
-79,
-79,
-79,
-79,
-77,
-78,
-78,
-78,
-79,
-81,
-82,
-83,
-81,
-80,
-76,
-77,
-73,
-74,
-75,
-78,
-79,
-79,
-81,
-81,
-83,
-81,
-81,
-80,
-82,
-81,
-81,
-80,
-82,
-79,
-76,
-78,
-78,
-80,
-76,
-76,
-77,
-84,
-81,
-80,
-79,
-77,
-78,
-78,
-78,
-79,
-80,
-78,
-81,
-81,
-81,
-80,
-80,
-80,
-77,
-80,
-81,
-82,
-83,
-82,
-79,
-79,
-82,
-81,
-81,
-81,
-79,
-81,
-81,
-80,
-82,
-81,
-77,
-76,
-76,
-76,
-80,
-85,
-87,
-81,
-76,
-77,
-78,
-80,
-79,
-81,
-79,
-76,
-78,
-82,
-81,
-80,
-84,
-84,
-84,
-83,
-79,
-79,
-80,
-84,
-81,
-80,
-81,
-81,
-81,
-81,
-82,
-79,
-79,
-81,
-81,
-82,
-81,
-82,
-82,
-84,
-81,
-79,
-81,
-80,
-83,
-81,
-78,
-80,
-83,
-81,
-80,
-79,
-78,
-79,
-82,
-82,
-77,
-77,
-80,
-80,
-80,
-81,
-80,
-80,
-78,
-76,
-78,
-76,
-76,
-77,
-79,
-81,
-85,
-83,
-83,
-83,
-81,
-83,
-88,
-89,
-86,
-85,
-81,
-79,
-79,
-77,
-76,
-78,
-78,
-75,
-75,
-74,
-77,
-77,
-75,
-76,
-78,
-79,
-78,
-78,
-78,
-77,
-79,
-80,
-80,
-81,
-83,
-85,
-83,
-80,
-79,
-85,
-83,
-79,
-79,
-79,
-79,
-77,
-76,
-78,
-80,
-80,
-80,
-80,
-82,
-87,
-84,
-84,
-83,
-82,
-84,
-79,
-77,
-77,
-79,
-83,
-84,
-82,
-80,
-78,
-79,
-82,
-81,
-80,
-81,
-81,
-81,
-80,
-84,
-83,
-80,
-79,
-76,
-75,
-79,
-79,
-78,
-80,
-80,
-78,
-78,
-81,
-82,
-76,
-78,
-79,
-78,
-80,
-82,
-84,
-84,
-82,
-79,
-77,
-80,
-85,
-84,
-82,
-80,
-84,
-82,
-81,
-77,
-78,
-79,
-80,
-80,
-84,
-78,
-76,
-78,
-82,
-81,
-82,
-83,
-81,
-80,
-85,
-83,
-80,
-80,
-80,
-78,
-77,
-79,
-80,
-84,
-80,
-79,
-78,
-78,
-80,
-78,
-78,
-78,
-80,
-81,
-79,
-79,
-79,
-80,
-78,
-78,
-78,
-80,
-82,
-82,
-80,
-79,
-81,
-80,
-78,
-83,
-80,
-78,
-80,
-77,
-79,
-82,
-85,
-82,
-81,
-79,
-81,
-82,
-82,
-82,
-83,
-81,
-80,
-78,
-77,
-80,
-81,
-80,
-78,
-76,
-74,
-78,
-76,
-75,
-75,
-79,
-84,
-82,
-80,
-80,
-79,
-78,
-78,
-85,
-83,
-84,
-84,
-84,
-82,
-81,
-81,
-80,
-79,
-79,
-80,
-78,
-80,
-79,
-79,
-79,
-78,
-78,
-78,
-78,
-78,
-78,
-78,
-79,
-79,
-78,
-79,
-78,
-78,
-78,
-79,
-80,
-80,
-81,
-81,
-83,
-82,
-81,
-81,
-79,
-78,
-79,
-79,
-79,
-79,
-79,
-79,
-78,
-78,
-79,
-78,
-78,
-79,
-78,
-79,
-79,
-78,
-78,
-78,
-80,
-79,
-78,
-79,
-80,
-79,
-78,
-78,
-79,
-78,
-79,
-79,
-78,
-78,
-79,
-79,
-78,
-80,
-79,
-78,
-78,
-78,
-79,
-79,
-80,
-78,
-80,
-80,
-78,
-78,
-78,
-78,
-79,
-79,
-79,
-79,
-79,
-80,
-79,
-79,
-79,
-78,
-80,
-79,
-78,
-79,
-79,
-78,
-78,
-79,
-80,
-78,
-78,
-79,
-78,
-80,
-79,
-79,
-79,
-78,
-79,
-79,
-78,
-79,
-79,
-78,
-79,
-79,
-81,