-48,
-49,
-49,
-50,
-49,
-49,
-48,
-49,
-49,
-48,
-49,
-48,
-48,
-49,
-49,
-49,
-49,
-49,
-49,
-48,
-49,
-48,
-49,
-48,
-48,
-48,
-49,
-49,
-49,
-49,
-48,
-48,
-49,
-48,
-48,
-48,
-48,
-49,
-50,
-48,
-50,
-55,
-52,
-66,
-62,
-62,
-54,
-59,
-56,
-51,
-55,
-55,
-58,
-57,
-53,
-62,
-62,
-56,
-60,
-63,
-62,
-62,
-68,
-51,
-56,
-54,
-54,
-66,
-60,
-60,
-56,
-53,
-54,
-53,
-60,
-55,
-62,
-60,
-54,
-59,
-51,
-63,
-59,
-56,
-52,
-55,
-52,
-57,
-57,
-71,
-60,
-51,
-46,
-53,
-55,
-52,
-51,
-53,
-58,
-74,
-61,
-61,
-66,
-63,
-61,
-56,
-51,
-56,
-60,
-64,
-62,
-64,
-63,
-60,
-49,
-51,
-51,
-59,
-61,
-58,
-63,
-48,
-45,
-55,
-51,
-65,
-53,
-60,
-61,
-56,
-52,
-53,
-63,
-57,
-53,
-55,
-47,
-47,
-46,
-47,
-49,
-50,
-50,
-49,
-49,
-49,
-49,
-49,
-49,
-49,
-50,
-49,
-49,
-50,
-50,
-50,
-50,
-50,
-50,
-49,
-49,
-49,
-49,
-50,
-49,
-49,
-50,
-49,
-50,
-49,
-50,
-50,
-49,