-74,
-74,
-74,
-74,
-74,
-74,
-74,
-73,
-74,
-74,
-74,
-75,
-74,
-75,
-75,
-75,
-74,
-75,
-74,
-75,
-74,
-74,
-75,
-75,
-75,
-74,
-75,
-74,
-73,
-74,
-74,
-75,
-73,
-74,
-74,
-75,
-75,
-69,
-70,
-70,
-73,
-76,
-77,
-72,
-70,
-67,
-66,
-76,
-72,
-70,
-71,
-70,
-67,
-70,
-73,
-66,
-71,
-74,
-71,
-74,
-73,
-70,
-69,
-72,
-70,
-70,
-69,
-66,
-71,
-75,
-72,
-73,
-69,
-66,
-69,
-67,
-66,
-65,
-73,
-87,
-74,
-77,
-71,
-71,
-68,
-73,
-69,
-77,
-68,
-66,
-79,
-69,
-81,
-76,
-67,
-69,
-63,
-67,
-69,
-70,
-67,
-67,
-72,
-72,
-73,
-74,
-71,
-69,
-66,
-71,
-67,
-64,
-66,
-72,
-75,
-65,
-68,
-70,
-74,
-67,
-73,
-78,
-66,
-65,
-77,
-72,
-67,
-74,
-75,
-67,
-79,
-83,
-73,
-66,
-65,
-67,
-73,
-83,
-84,
-83,
-75,
-65,
-59,
-69,
-64,
-73,
-72,
-66,
-76,
-67,
-70,
-64,
-64,
-70,
-75,
-62,
-79,
-65,
-65,
-75,
-77,
-70,
-77,
-77,
-68,
-64,
-65,
-73,
-68,
-70,
-69,
-64,
-66,
-63,
-64,
-65,
-67,
-62,
-63,
-63,
-63,
-63,
-63,
-62,
-63,
-63,
-63,
-63,
-63,
-63,
-63,
-63,