-68,
-69,
-68,
-68,
-68,
-68,
-68,
-68,
-68,
-69,
-69,
-68,
-68,
-68,
-68,
-68,
-70,
-68,
-68,
-68,
-68,
-68,
-68,
-69,
-69,
-68,
-68,
-69,
-69,
-69,
-68,
-67,
-69,
-68,
-68,
-68,
-68,
-67,
-68,
-67,
-72,
-68,
-73,
-71,
-80,
-75,
-68,
-71,
-70,
-75,
-72,
-71,
-68,
-68,
-68,
-67,
-70,
-69,
-69,
-69,
-70,
-69,
-68,
-70,
-69,
-73,
-70,
-68,
-67,
-65,
-71,
-78,
-68,
-73,
-72,
-77,
-77,
-79,
-88,
-76,
-77,
-77,
-74,
-78,
-71,
-76,
-75,
-71,
-71,
-73,
-75,
-74,
-65,
-74,
-76,
-81,
-67,
-71,
-67,
-74,
-73,
-74,
-69,
-72,
-74,
-66,
-80,
-67,
-72,
-75,
-78,
-74,
-75,
-79,
-78,
-77,
-74,
-83,
-77,
-79,
-72,
-77,
-74,
-79,
-91,
-72,
-71,
-71,
-74,
-78,
-75,
-75,
-80,
-72,
-77,
-77,
-73,
-72,
-71,
-76,
-73,
-73,
-72,
-76,
-76,
-69,
-70,
-73,
-82,
-69,
-79,
-86,
-72,
-78,
-84,
-74,
-76,
-76,
-74,
-83,
-73,
-77,
-69,
-70,
-73,
-70,
-71,
-72,
-71,
-74,
-71,
-72,
-74,
-72,
-73,
-75,
-74,
-75,
-75,
-74,
-74,
-74,
-74,
-75,
-75,
-75,
-74,
-75,
-74,