-44,
-45,
-43,
-44,
-44,
-43,
-44,
-44,
-45,
-45,
-44,
-44,
-43,
-45,
-43,
-44,
-44,
-44,
-44,
-43,
-44,
-43,
-43,
-44,
-44,
-44,
-44,
-43,
-44,
-44,
-44,
-44,
-42,
-45,
-43,
-43,
-42,
-41,
-43,
-43,
-45,
-59,
-52,
-47,
-44,
-49,
-49,
-44,
-55,
-48,
-47,
-59,
-47,
-50,
-50,
-48,
-53,
-48,
-49,
-49,
-51,
-58,
-47,
-50,
-42,
-47,
-44,
-51,
-51,
-52,
-57,
-60,
-48,
-51,
-49,
-46,
-48,
-47,
-50,
-66,
-51,
-51,
-52,
-57,
-55,
-52,
-56,
-65,
-55,
-48,
-51,
-65,
-52,
-50,
-52,
-49,
-50,
-57,
-50,
-50,
-51,
-54,
-53,
-76,
-58,
-59,
-55,
-45,
-53,
-64,
-53,
-58,
-55,
-56,
-48,
-50,
-43,
-49,
-46,
-47,
-51,
-56,
-48,
-47,
-58,
-53,
-47,
-48,
-64,
-49,
-52,
-55,
-43,
-44,
-43,
-48,
-46,
-43,
-44,
-45,
-64,
-64,
-51,
-44,
-47,
-51,
-63,
-60,
-53,
-62,
-48,
-54,
-69,
-52,
-49,
-49,
-48,
-48,
-49,
-52,
-50,
-68,
-60,
-51,
-45,
-45,
-48,
-45,
-57,
-56,
-51,
-51,
-51,
-51,
-51,
-50,
-51,
-51,
-51,
-50,
-51,
-51,
-50,
-52,
-51,
-50,
-51,
-51,