-67,
-65,
-65,
-67,
-67,
-67,
-68,
-67,
-67,
-67,
-68,
-67,
-66,
-66,
-66,
-67,
-67,
-67,
-67,
-67,
-66,
-67,
-67,
-67,
-67,
-67,
-64,
-64,
-63,
-65,
-67,
-67,
-66,
-70,
-70,
-68,
-67,
-66,
-68,
-68,
-65,
-69,
-66,
-59,
-56,
-54,
-66,
-60,
-64,
-64,
-63,
-59,
-79,
-65,
-60,
-63,
-73,
-62,
-62,
-63,
-61,
-62,
-73,
-63,
-67,
-65,
-63,
-63,
-60,
-70,
-61,
-57,
-64,
-68,
-68,
-68,
-65,
-69,
-65,
-66,
-80,
-61,
-63,
-65,
-65,
-65,
-74,
-72,
-62,
-62,
-60,
-61,
-64,
-68,
-68,
-67,
-62,
-68,
-60,
-69,
-60,
-60,
-63,
-74,
-70,
-62,
-61,
-54,
-59,
-59,
-57,
-79,
-62,
-65,
-58,
-58,
-65,
-56,
-66,
-64,
-72,
-64,
-64,
-73,
-67,
-66,
-85,
-70,
-66,
-69,
-75,
-71,
-63,
-67,
-61,
-69,
-76,
-70,
-73,
-74,
-58,
-59,
-60,
-57,
-57,
-59,
-61,
-74,
-58,
-62,
-58,
-64,
-57,
-67,
-69,
-83,
-52,
-57,
-68,
-63,
-59,
-63,
-58,
-64,
-65,
-67,
-65,
-69,
-65,
-55,
-60,
-65,
-68,
-65,
-51,
-52,
-52,
-53,
-52,
-52,
-53,
-53,
-52,
-52,
-52,
-52,
-53,
-52,
-52,
-53,
-53,
-52,
-51,
-52,