-71,
-74,
-74,
-74,
-74,
-74,
-74,
-73,
-75,
-73,
-74,
-74,
-74,
-74,
-74,
-75,
-74,
-74,
-73,
-74,
-73,
-73,
-74,
-74,
-75,
-74,
-74,
-74,
-75,
-75,
-75,
-75,
-75,
-75,
-75,
-75,
-74,
-75,
-75,
-74,
-74,
-74,
-74,
-75,
-74,
-75,
-74,
-75,
-74,
-74,
-74,
-74,
-74,
-74,
-74,
-74,
-74,
-74,
-74,
-74,
-74,
-75,
-75,
-74,
-75,
-75,
-75,
-75,
-75,
-75,
-74,
-74,
-75,
-75,
-74,
-74,
-75,
-77,
-76,
-75,
-75,
-75,
-74,
-74,
-74,
-74,
-74,
-74,
-74,
-74,
-75,
-75,
-75,
-74,
-74,
-74,
-74,
-74,
-75,
-74,
-74,
-75,
-75,
-74,
-74,
-74,
-74,
-74,
-74,
-75,
-75,
-74,
-75,
-75,
-75,
-75,
-77,
-77,
-75,
-75,
-75,
-78,
-77,
-78,
-76,
-76,
-78,
-78,
-78,
-78,
-78,
-78,
-80,
-78,
-78,
-79,
-80,
-81,
-79,
-78,
-79,
-79,
-80,
-82,
-83,
-80,
-80,
-80,
-83,
-80,
-76,
-76,
-76,
-76,
-75,
-76,
-76,
-77,
-76,
-75,
-77,
-76,
-75,
-76,
-76,
-75,
-74,
-74,
-74,
-75,
-75,
-75,
-76,
-75,
-75,
-74,
-75,
-76,
-75,
-75,
-74,
-73,
-73,
-74,
-74,
-74,
-74,
-74,
-74,
-75,
-75,
-75,
-74,
-74,
-74,
-74,
-74,
-74,
-74,
-75,
-74,
-74,
-76,
-75,
-75,
-75,
-75,
-75,
-74,
-75,
-76,
-75,
-75,
-75,
-75,
-74,
-74,
-75,
-76,
-75,
-75,
-76,
-77,
-78,
-77,
-76,
-77,
-77,
-77,
-79,
-84,
-80,
-77,
-81,
-85,
-88,
-84,
-80,
-78,
-83,
-84,
-80,
-81,
-82,
-84,
-88,
-88,
-89,
-84,
-84,
-82,
-82,
-82,
-83,
-86,
-84,
-82,
-81,
-80,
-80,
-80,
-79,
-79,
-81,
-82,
-86,
-88,
-89,
-89,
-88,
-82,
-78,
-79,
-79,
-79,
-80,
-80,
-78,
-80,
-82,
-86,
-82,
-82,
-82,
-87,
-82,
-83,
-82,
-84,
-86,
-83,
-78,
-79,
-82,
-86,
-84,
-85,
-85,
-84,
-80,
-80,
-81,
-83,
-82,
-83,
-83,
-79,
-77,
-78,
-82,
-80,
-77,
-78,
-78,
-78,
-80,
-80,
-80,
-81,
-83,
-85,
-80,
-81,
-82,
-82,
-79,
-78,
-77,
-79,
-80,
-80,
-80,
-79,
-79,
-79,
-78,
-80,
-82,
-82,
-78,
-80,
-82,
-80,
-81,
-82,
-82,
-85,
-83,
-83,
-81,
-80,
-86,
-85,
-85,
-83,
-81,
-81,
-79,
-81,
-81,
-81,
-81,
-79,
-84,
-86,
-83,
-84,
-80,
-79,
-77,
-83,
-86,
-83,
-85,
-79,
-78,
-82,
-83,
-86,
-88,
-81,
-83,
-85,
-81,
-83,
-80,
-80,
-77,
-79,
-86,
-82,
-77,
-78,
-84,
-83,
-81,
-80,
-80,
-83,
-79,
-83,
-85,
-87,
-84,
-83,
-86,
-83,
-79,
-78,
-79,
-81,
-83,
-82,
-82,
-83,
-86,
-88,
-81,
-81,
-80,
-82,
-82,
-81,
-78,
-81,
-85,
-83,
-80,
-80,
-84,
-81,
-79,
-82,
-80,
-80,
-81,
-79,
-82,
-81,
-82,
-83,
-88,
-88,
-84,
-79,
-78,
-78,
-82,
-84,
-78,
-79,
-81,
-85,
-83,
-83,
-88,
-83,
-83,
-84,
-83,
-80,
-80,
-80,
-84,
-87,
-86,
-85,
-84,
-85,
-86,
-83,
-81,
-80,
-80,
-80,
-80,
-82,
-84,
-81,
-79,
-79,
-78,
-78,
-78,
-79,
-81,
-81,
-82,
-82,
-83,
-81,
-79,
-80,
-82,
-85,
-83,
-81,
-80,
-80,
-81,
-81,
-80,
-79,
-80,
-81,
-81,
-81,
-79,
-79,
-78,
-78,
-79,
-80,
-79,
-80,
-82,
-81,
-80,
-81,
-84,
-83,
-85,
-85,
-81,
-82,
-79,
-82,
-79,
-79,
-82,
-87,
-84,
-80,
-84,
-80,
-81,
-83,
-82,
-82,
-83,
-81,
-80,
-81,
-78,
-76,
-77,
-78,
-76,
-79,
-81,
-81,
-80,
-79,
-80,
-79,
-79,
-80,
-80,
-79,
-80,
-82,
-82,
-80,
-81,
-81,
-81,
-82,
-83,
-82,
-83,
-84,
-82,
-86,
-85,
-86,
-85,
-86,
-85,
-87,
-88,
-88,
-86,
-84,
-84,
-88,
-87,
-86,
-87,
-86,
-86,
-86,
-87,
-88,
-87,
-86,
-86,
-86,
-87,
-88,
-87,
-85,
-87,
-86,
-87,
-87,
-86,
-86,
-86,
-86,
-86,
-86,
-87,
-87,
-87,
-86,
-86,
-87,
-86,
-86,
-87,
-88,
-87,
-87,
-87,
-88,
-87,
-87,
-87,
-86,
-86,
-87,
-88,
-88,
-88,
-87,
-87,
-88,
-87,
-87,
-87,