-70,
-71,
-72,
-72,
-72,
-72,
-72,
-73,
-72,
-73,
-72,
-73,
-73,
-72,
-73,
-72,
-73,
-73,
-73,
-73,
-73,
-73,
-73,
-73,
-73,
-73,
-74,
-73,
-73,
-74,
-73,
-73,
-73,
-73,
-74,
-74,
-74,
-74,
-74,
-73,
-73,
-73,
-74,
-73,
-74,
-73,
-73,
-73,
-73,
-73,
-73,
-73,
-73,
-74,
-73,
-73,
-73,
-74,
-74,
-74,
-74,
-74,
-73,
-73,
-73,
-73,
-73,
-73,
-74,
-74,
-74,
-74,
-73,
-73,
-73,
-73,
-73,
-74,
-73,
-74,
-73,
-73,
-73,
-73,
-74,
-74,
-74,
-74,
-74,
-74,
-74,
-73,
-74,
-74,
-74,
-73,
-74,
-74,
-74,
-74,
-74,
-73,
-73,
-73,
-73,
-73,
-74,
-74,
-74,
-73,
-73,
-73,
-74,
-74,
-73,
-74,
-74,
-74,
-74,
-73,
-73,
-73,
-73,
-74,
-74,
-73,
-73,
-73,
-73,
-74,
-74,
-73,
-73,
-73,
-73,
-74,
-73,
-74,
-73,
-73,
-73,
-74,
-74,
-74,
-73,
-73,
-73,
-74,
-74,
-74,
-73,
-73,
-73,
-73,
-73,
-73,
-74,
-73,
-74,
-73,
-73,
-73,
-73,
-73,
-74,
-73,
-74,
-74,
-73,
-72,
-73,
-73,
-73,
-73,
-74,
-74,
-73,
-73,
-72,
-74,
-75,
-75,
-77,
-72,
-71,
-72,
-78,
-76,
-78,
-71,
-70,
-73,
-71,
-67,
-70,
-75,
-70,
-68,
-69,
-67,
-67,
-68,
-65,
-66,
-67,
-68,
-68,
-67,
-69,
-73,
-72,
-71,
-70,
-74,
-75,
-75,
-74,
-76,
-76,
-78,
-79,
-77,
-74,
-72,
-74,
-74,
-74,
-76,
-72,
-66,
-67,
-67,
-68,
-69,
-69,
-67,
-66,
-67,
-68,
-69,
-69,
-71,
-71,
-70,
-69,
-69,
-69,
-67,
-67,
-68,
-70,
-71,
-73,
-71,
-67,
-66,
-66,
-65,
-65,
-65,
-66,
-71,
-70,
-68,
-67,
-71,
-72,
-68,
-64,
-66,
-68,
-77,
-77,
-75,
-75,
-68,
-66,
-65,
-64,
-64,
-66,
-66,
-67,
-69,
-74,
-74,
-68,
-66,
-67,
-69,
-73,
-75,
-79,
-74,
-74,
-75,
-71,
-72,
-69,
-74,
-75,
-76,
-75,
-77,
-75,
-75,
-73,
-74,
-71,
-71,
-70,
-67,
-65,
-63,
-63,
-63,
-64,
-62,
-63,
-68,
-69,
-66,
-65,
-65,
-66,
-68,
-73,
-77,
-72,
-72,
-70,
-67,
-65,
-64,
-66,
-68,
-68,
-75,
-74,
-72,
-70,
-69,
-70,
-68,
-66,
-64,
-64,
-65,
-65,
-65,
-65,
-65,
-68,
-73,
-76,
-77,
-74,
-76,
-77,
-75,
-73,
-77,
-79,
-80,
-80,
-80,
-79,
-75,
-76,
-76,
-75,
-75,
-76,
-76,
-79,
-74,
-71,
-70,
-66,
-64,
-64,
-64,
-64,
-64,
-63,
-63,
-64,
-64,
-64,
-63,
-63,
-64,
-64,
-64,
-64,
-64,
-63,
-63,
-63,
-63,
-65,
-63,
-64,
-64,
-64,
-64,
-65,
-66,
-68,
-69,
-69,
-69,
-70,
-69,
-70,
-70,
-68,
-67,
-67,
-68,
-69,
-70,
-73,
-69,
-69,
-72,
-70,
-66,
-66,
-66,
-66,
-68,
-68,
-68,
-68,
-68,
-70,
-70,
-70,
-69,
-69,
-69,
-70,
-71,
-73,
-74,
-74,
-75,
-76,
-72,
-72,
-74,
-76,
-75,
-75,
-74,
-74,
-72,
-72,
-71,
-71,
-71,
-70,
-71,
-71,
-71,
-71,
-72,
-72,
-72,
-71,
-71,
-73,
-76,
-77,
-76,
-74,
-71,
-70,
-69,
-68,
-66,
-65,
-65,
-66,
-66,
-66,
-67,
-68,
-68,
-67,
-68,
-68,
-69,
-70,
-70,
-69,
-67,
-68,
-68,
-69,
-70,
-70,
-70,
-68,
-68,
-72,
-74,
-72,
-69,
-68,
-68,
-68,
-76,
-78,
-82,
-83,
-80,
-82,
-80,
-80,
-81,
-81,
-73,
-71,
-71,
-69,
-70,
-70,
-73,
-75,
-74,
-74,
-75,
-74,
-73,
-69,
-69,
-74,
-69,
-69,
-72,
-71,
-71,
-72,
-70,
-71,
-73,
-71,
-72,
-73,
-74,
-72,
-73,
-71,
-71,
-73,
-72,
-72,
-73,
-70,
-72,
-73,
-72,
-71,
-71,
-74,
-71,
-71,
-71,
-71,
-73,
-73,
-73,
-72,
-72,
-72,
-72,
-72,
-72,
-72,
-72,
-72,
-72,
-71,
-72,
-73,
-73,
-72,
-73,
-73,
-72,
-72,
-72,
-72,
-73,
-72,
-73,
-73,
-72,
-72,
-72,
-72,
-72,
-73,
-72,
-72,
-72,
-72,
-71,
-70,
-71,
-72,
-71,
-72,
-73,
-71,
-72,
-71,
-69,
-70,
-72,
-72,
-72,
-72,
-73,
-72,
-72,
-72,
-72,
-72,
-71,
-72,
-72,
-72,
-72,
-72,
-72,
-72,
-72,
-72,
-72,
-72,
-72,
-72,
-72,
-73,
-73,
-72,
-72,
-72,
-73,
-72,
-72,
-72,
-72,
-72,
-72,
-72,
-73,
-73,
-72,
-72,
-73,
-73,
-73,
-73,
-73,
-72,
-73,
-72,
-73,
-73,
-73,
-73,
-73,
-73,
-73,
-72,
-73,
-72,
-71,
-72,
-72,
-71,
-72,
-72,
-73,
-72,
-73,
-72,
-72,