-69,
-69,
-69,
-68,
-69,
-68,
-69,
-68,
-69,
-68,
-69,
-69,
-68,
-68,
-68,
-70,
-71,
-69,
-69,
-71,
-68,
-69,
-70,
-70,
-69,
-70,
-69,
-69,
-68,
-68,
-70,
-69,
-68,
-69,
-69,
-68,
-68,
-70,
-69,
-70,
-70,
-69,
-68,
-78,
-66,
-66,
-70,
-76,
-71,
-70,
-70,
-68,
-70,
-69,
-62,
-81,
-78,
-67,
-75,
-77,
-69,
-63,
-64,
-72,
-71,
-70,
-67,
-67,
-68,
-69,
-68,
-76,
-66,
-65,
-65,
-80,
-69,
-78,
-76,
-84,
-81,
-75,
-71,
-79,
-79,
-79,
-68,
-70,
-70,
-67,
-65,
-72,
-68,
-75,
-76,
-73,
-65,
-71,
-68,
-66,
-73,
-75,
-76,
-74,
-69,
-74,
-66,
-69,
-76,
-67,
-73,
-69,
-62,
-62,
-61,
-67,
-69,
-66,
-64,
-62,
-63,
-63,
-66,
-66,
-65,
-65,
-60,
-65,
-70,
-73,
-69,
-77,
-80,
-70,
-69,
-69,
-70,
-71,
-67,
-67,
-69,
-73,
-70,
-79,
-81,
-86,
-71,
-76,
-80,
-82,
-79,
-78,
-83,
-79,
-75,
-78,
-83,
-76,
-71,
-80,
-76,
-75,
-74,
-78,
-82,
-80,
-78,
-80,
-81,
-80,
-80,
-81,
-80,
-80,
-81,
-80,
-80,