-64,
-64,
-64,
-64,
-64,
-64,
-64,
-64,
-64,
-64,
-64,
-64,
-64,
-64,
-63,
-64,
-65,
-65,
-65,
-65,
-65,
-65,
-64,
-64,
-63,
-63,
-62,
-64,
-64,
-64,
-63,
-63,
-63,
-64,
-63,
-69,
-65,
-64,
-63,
-62,
-64,
-69,
-68,
-65,
-64,
-65,
-73,
-72,
-69,
-67,
-66,
-74,
-74,
-72,
-72,
-74,
-69,
-84,
-71,
-76,
-70,
-67,
-77,
-67,
-66,
-76,
-68,
-72,
-72,
-66,
-75,
-66,
-65,
-70,
-72,
-66,
-68,
-77,
-69,
-66,
-71,
-72,
-79,
-72,
-75,
-75,
-77,
-67,
-75,
-79,
-70,
-70,
-70,
-75,
-72,
-82,
-79,
-77,
-69,
-71,
-67,
-64,
-80,
-64,
-71,
-74,
-74,
-72,
-76,
-68,
-73,
-69,
-69,
-66,
-72,
-69,
-81,
-71,
-79,
-70,
-68,
-67,
-67,
-66,
-67,
-70,
-68,
-78,
-81,
-74,
-73,
-64,
-65,
-68,
-74,
-66,
-74,
-76,
-75,
-69,
-68,
-72,
-75,
-68,
-66,
-66,
-65,
-70,
-73,
-71,
-66,
-63,
-64,
-63,
-64,
-63,
-64,
-64,
-64,
-63,
-64,
-64,
-64,
-62,
-65,
-65,
-71,
-66,
-67,
-69,
-64,
-64,
-63,
-63,
-63,
-63,
-61,
-63,
-63,
-64,
-66,
-64,