-54,
-54,
-54,
-54,
-54,
-54,
-54,
-53,
-54,
-54,
-54,
-54,
-54,
-54,
-54,
-54,
-54,
-54,
-54,
-54,
-54,
-54,
-54,
-54,
-55,
-55,
-55,
-55,
-54,
-55,
-54,
-54,
-54,
-54,
-54,
-54,
-54,
-54,
-55,
-54,
-54,
-55,
-55,
-54,
-55,
-54,
-54,
-54,
-54,
-55,
-54,
-54,
-57,
-56,
-58,
-57,
-57,
-55,
-53,
-67,
-58,
-68,
-55,
-51,
-48,
-55,
-56,
-53,
-54,
-55,
-52,
-54,
-55,
-62,
-64,
-67,
-62,
-60,
-53,
-55,
-50,
-51,
-53,
-57,
-52,
-49,
-51,
-56,
-51,
-51,
-46,
-58,
-50,
-51,
-53,
-56,
-60,
-60,
-64,
-57,
-51,
-65,
-63,
-72,
-74,
-70,
-68,
-59,
-58,
-57,
-57,
-57,
-72,
-60,
-54,
-50,
-55,
-50,
-57,
-58,
-50,
-51,
-51,
-51,
-52,
-46,
-50,
-51,
-50,
-49,
-48,
-49,
-56,
-54,
-56,
-58,
-54,
-62,
-58,
-54,
-56,
-50,
-50,
-58,
-54,
-52,
-52,
-50,
-48,
-51,
-51,
-51,
-52,
-56,
-52,
-53,
-50,
-51,
-51,
-53,
-51,
-50,
-52,
-52,
-50,
-52,
-51,
-51,
-53,
-52,
-52,
-52,
-51,
-52,
-52,
-51,
-51,
-51,
-51,
-51,
-52,