-59,
-59,
-59,
-59,
-59,
-59,
-59,
-59,
-59,
-59,
-59,
-59,
-60,
-59,
-60,
-59,
-59,
-59,
-61,
-59,
-59,
-59,
-59,
-59,
-59,
-60,
-59,
-59,
-60,
-60,
-59,
-60,
-59,
-60,
-59,
-59,
-59,
-59,
-60,
-60,
-59,
-60,
-60,
-60,
-59,
-59,
-59,
-59,
-60,
-60,
-59,
-61,
-61,
-60,
-60,
-60,
-69,
-67,
-82,
-58,
-57,
-72,
-65,
-69,
-58,
-61,
-57,
-57,
-70,
-65,
-62,
-58,
-74,
-59,
-62,
-62,
-63,
-59,
-58,
-61,
-62,
-60,
-69,
-59,
-66,
-62,
-65,
-59,
-58,
-67,
-59,
-64,
-62,
-60,
-59,
-59,
-62,
-62,
-61,
-57,
-63,
-61,
-56,
-53,
-55,
-58,
-82,
-62,
-62,
-72,
-62,
-68,
-79,
-75,
-66,
-58,
-63,
-59,
-62,
-67,
-73,
-66,
-60,
-68,
-70,
-70,
-70,
-72,
-75,
-62,
-58,
-60,
-66,
-60,
-60,
-57,
-59,
-59,
-54,
-56,
-70,
-62,
-72,
-59,
-63,
-58,
-71,
-62,
-68,
-63,
-69,
-64,
-61,
-62,
-64,
-64,
-64,
-65,
-64,
-64,
-67,
-61,
-63,
-69,
-66,
-60,
-61,
-64,
-64,
-63,
-64,
-64,
-63,
-63,
-63,
-63,
-63,
-63,
-63,
-64,
-63,
-63,
-64,