-41,
-40,
-40,
-41,
-41,
-41,
-40,
-39,
-41,
-40,
-40,
-40,
-41,
-41,
-41,
-40,
-42,
-40,
-41,
-41,
-40,
-39,
-41,
-40,
-41,
-41,
-40,
-41,
-42,
-41,
-41,
-42,
-40,
-41,
-41,
-40,
-41,
-41,
-41,
-40,
-41,
-40,
-40,
-41,
-41,
-41,
-39,
-41,
-37,
-40,
-40,
-40,
-41,
-40,
-40,
-42,
-39,
-40,
-40,
-41,
-40,
-39,
-40,
-53,
-59,
-46,
-47,
-43,
-43,
-44,
-48,
-47,
-45,
-45,
-54,
-41,
-40,
-38,
-39,
-39,
-39,
-39,
-47,
-43,
-44,
-42,
-44,
-44,
-42,
-46,
-64,
-45,
-43,
-42,
-41,
-43,
-41,
-40,
-55,
-64,
-53,
-54,
-59,
-57,
-64,
-45,
-35,
-36,
-37,
-41,
-41,
-41,
-38,
-38,
-47,
-52,
-53,
-62,
-61,
-50,
-46,
-49,
-65,
-45,
-50,
-56,
-49,
-46,
-55,
-62,
-53,
-48,
-65,
-53,
-50,
-42,
-42,
-50,
-44,
-50,
-53,
-49,
-40,
-37,
-40,
-42,
-42,
-52,
-45,
-56,
-46,
-53,
-49,
-54,
-49,
-48,
-45,
-51,
-48,
-52,
-43,
-41,
-41,
-41,
-42,
-43,
-43,
-43,
-42,
-41,
-43,
-42,
-43,
-43,
-41,
-42,
-41,
-41,
-42,
-42,
-43,
-43,
-41,
-41,
-46,
-41,
-44,
-40,
-40,
-41,
-42,
-42,
-42,
-42,
-41,
-41,
-42,
-42,
-41,
-41,
-41,
-40,
-42,
-39,
-40,
-41,
-40,
-41,
-40,
-40,
-41,
-41,
-41,
-42,
-43,
-41,
-42,
-40,
-40,
-40,
-40,
-40,
-41,
-41,
-41,
-41,
-43,
-42,
-43,
-43,
-46,
-42,
-41,
-40,
-42,
-41,
-41,
-40,
-48,
-47,
-47,
-44,
-44,
-43,