-56,
-57,
-57,
-57,
-57,
-57,
-57,
-57,
-57,
-57,
-57,
-57,
-56,
-57,
-57,
-57,
-57,
-57,
-57,
-56,
-57,
-57,
-57,
-57,
-57,
-57,
-57,
-57,
-57,
-56,
-57,
-57,
-57,
-57,
-57,
-57,
-56,
-57,
-57,
-57,
-57,
-57,
-56,
-57,
-57,
-57,
-56,
-56,
-56,
-56,
-57,
-57,
-57,
-57,
-57,
-57,
-56,
-56,
-56,
-56,
-57,
-56,
-58,
-57,
-57,
-58,
-68,
-72,
-67,
-69,
-61,
-62,
-65,
-65,
-71,
-61,
-68,
-67,
-69,
-63,
-61,
-63,
-58,
-61,
-63,
-65,
-67,
-66,
-75,
-70,
-71,
-65,
-63,
-62,
-65,
-72,
-72,
-71,
-65,
-73,
-82,
-67,
-64,
-61,
-58,
-64,
-58,
-61,
-69,
-62,
-73,
-65,
-67,
-67,
-66,
-64,
-63,
-72,
-61,
-60,
-68,
-62,
-69,
-62,
-67,
-66,
-63,
-71,
-74,
-63,
-65,
-69,
-75,
-68,
-65,
-79,
-62,
-69,
-78,
-67,
-73,
-65,
-64,
-68,
-65,
-68,
-67,
-64,
-61,
-63,
-62,
-77,
-65,
-65,
-70,
-70,
-67,
-72,
-74,
-67,
-66,
-61,
-65,
-64,
-55,
-60,
-59,
-63,
-59,
-59,
-57,
-58,
-57,
-57,
-57,
-57,
-58,
-57,
-57,
-57,
-57,
-57,
-57,
-58,
-57,
-59,
-64,
-64,
-58,
-58,
-63,
-68,
-68,
-68,
-70,
-69,
-66,
-70,
-68,
-69,
-71,
-74,
-75,
-74,
-73,
-67,
-67,
-73,
-72,
-76,
-67,
-65,
-67,
-71,
-68,
-68,
-67,
-67,
-65,
-64,
-64,
-64,
-64,
-63,
-70,
-68,
-75,
-66,
-60,
-68,
-59,
-63,
-62,
-66,
-60,
-55,
-55,
-58,
-55,
-72,
-59,
-59,
-61,
-61,
-61,