-69,
-69,
-69,
-69,
-69,
-69,
-70,
-71,
-69,
-69,
-70,
-70,
-69,
-69,
-69,
-67,
-71,
-69,
-69,
-70,
-69,
-69,
-69,
-69,
-69,
-69,
-69,
-69,
-69,
-70,
-69,
-69,
-69,
-69,
-70,
-69,
-70,
-69,
-69,
-69,
-69,
-69,
-69,
-69,
-70,
-69,
-69,
-69,
-70,
-70,
-70,
-70,
-70,
-71,
-70,
-70,
-70,
-70,
-71,
-69,
-71,
-70,
-71,
-73,
-75,
-76,
-82,
-80,
-82,
-81,
-76,
-76,
-83,
-84,
-80,
-87,
-86,
-77,
-71,
-79,
-77,
-74,
-73,
-76,
-80,
-77,
-82,
-85,
-74,
-75,
-82,
-84,
-86,
-74,
-80,
-74,
-78,
-80,
-79,
-72,
-81,
-85,
-84,
-72,
-78,
-74,
-75,
-82,
-76,
-79,
-70,
-75,
-77,
-80,
-82,
-82,
-74,
-85,
-77,
-80,
-81,
-77,
-80,
-81,
-86,
-84,
-80,
-82,
-87,
-76,
-84,
-75,
-81,
-74,
-72,
-79,
-79,
-77,
-87,
-79,
-81,
-81,
-81,
-82,
-79,
-79,
-77,
-78,
-82,
-76,
-76,
-74,
-74,
-74,
-75,
-76,
-76,
-76,
-76,
-74,
-74,
-76,
-76,
-75,
-75,
-75,
-75,
-73,
-73,
-75,
-76,
-74,
-76,
-75,
-72,
-74,
-77,
-74,
-73,
-73,
-73,
-73,
-72,
-73,
-74,
-75,
-74,
-75,
-74,
-74,
-74,
-75,
-72,
-77,
-79,
-79,
-73,
-72,
-72,
-73,
-72,
-72,
-73,
-72,
-73,
-71,
-70,
-70,
-70,
-70,
-72,
-83,
-81,
-83,
-73,
-68,
-73,
-79,
-78,
-82,
-81,
-75,
-75,
-74,
-75,
-89,
-81,
-82,
-82,
-84,