-72,
-72,
-72,
-72,
-73,
-72,
-72,
-72,
-72,
-72,
-72,
-72,
-72,
-73,
-72,
-72,
-72,
-72,
-72,
-72,
-73,
-72,
-72,
-73,
-72,
-72,
-72,
-72,
-72,
-72,
-73,
-72,
-72,
-73,
-72,
-73,
-72,
-72,
-73,
-72,
-73,
-72,
-72,
-72,
-73,
-72,
-72,
-72,
-72,
-72,
-72,
-72,
-71,
-73,
-71,
-72,
-72,
-72,
-72,
-72,
-72,
-72,
-73,
-72,
-73,
-73,
-72,
-72,
-71,
-77,
-77,
-74,
-72,
-68,
-68,
-77,
-69,
-70,
-75,
-82,
-69,
-67,
-75,
-80,
-74,
-75,
-74,
-69,
-67,
-65,
-71,
-75,
-71,
-83,
-80,
-79,
-78,
-72,
-77,
-76,
-70,
-73,
-67,
-81,
-76,
-80,
-74,
-75,
-78,
-67,
-69,
-74,
-69,
-66,
-66,
-70,
-79,
-72,
-82,
-86,
-81,
-87,
-82,
-81,
-66,
-68,
-70,
-65,
-67,
-70,
-78,
-72,
-69,
-72,
-73,
-68,
-71,
-72,
-74,
-79,
-73,
-84,
-78,
-71,
-73,
-74,
-71,
-81,
-81,
-71,
-74,
-78,
-79,
-79,
-76,
-87,
-79,
-75,
-76,
-74,
-76,
-75,
-77,
-78,
-76,
-75,
-75,
-77,
-85,
-78,
-76,
-73,
-77,
-71,
-73,
-71,
-72,
-74,
-74,
-74,
-72,
-72,
-70,
-71,
-71,
-71,
-71,
-71,
-70,
-71,
-71,
-70,
-66,
-73,
-63,
-62,
-68,
-74,
-64,
-65,
-65,
-65,
-65,
-64,
-64,
-65,
-65,
-66,
-68,
-69,
-68,
-69,
-68,
-69,
-76,
-78,
-72,
-70,
-65,
-61,
-62,
-61,
-61,
-61,
-61,
-60,
-63,
-65,
-64,
-64,
-64,
-62,
-63,
-67,
-71,
-64,
-65,
-68,
-69,
-62,
-66,
-69,
-61,
-61,
-63,
-63,
-78,
-85,
-85,
-86,
-78,