-90,
-86,
-85,
-81,
-88,
-87,
-87,
-84,
-86,
-88,
-82,
-86,
-84,
-82,
-83,
-82,
-81,
-82,
-81,
-85,
-87,
-85,
-87,
-85,
-86,
-83,
-83,
-81,
-86,
-85,
-83,
-84,
-86,
-85,
-86,
-85,
-83,
-82,
-83,
-82,
-83,
-84,
-84,
-84,
-83,
-84,
-84,
-83,
-84,
-85,
-86,
-84,
-84,
-85,
-86,
-82,
-84,
-82,
-85,
-83,
-81,
-84,
-82,
-88,
-80,
-76,
-83,
-88,
-85,
-86,
-84,
-84,
-84,
-86,
-84,
-84,
-84,
-84,
-86,
-85,
-85,
-86,
-86,
-86,
-84,
-82,
-81,
-84,
-81,
-81,
-89,
-88,
-82,
-77,
-81,
-87,
-89,
-80,
-74,
-81,
-76,
-78,
-83,
-83,
-79,
-79,
-79,
-80,
-78,
-82,
-81,
-88,
-86,
-82,
-79,
-86,
-78,
-83,
-81,
-88,
-82,
-81,
-79,
-80,
-81,
-80,
-76,
-79,
-88,
-76,
-76,
-81,
-82,
-91,
-78,
-81,
-79,
-79,
-75,
-81,
-78,
-81,
-80,
-80,
-73,
-75,
-81,
-81,
-86,
-90,
-81,
-77,
-78,
-79,
-79,
-81,
-85,
-78,
-80,
-82,
-77,
-80,
-88,
-85,
-81,
-88,
-79,
-79,
-79,
-79,
-83,
-80,
-77,
-85,
-82,
-84,
-78,
-79,
-80,
-84,
-77,
-82,
-79,
-80,
-81,
-79,
-82,
-87,
-84,
-83,
-78,
-85,
-78,
-78,
-92,
-76,
-80,
-80,
-75,
-80,
-81,
-80,
-84,
-81,
-80,
-83,
-82,
-80,
-79,
-81,
-81,
-81,
-80,
-80,
-80,
-80,
-81,
-82,
-81,
-80,
-81,
-81,
-81,
-81,
-78,
-80,
-81,
-80,
-80,
-81,
-81,
-81,
-80,
-80,