-82,
-83,
-85,
-82,
-84,
-84,
-84,
-84,
-84,
-84,
-82,
-83,
-83,
-83,
-84,
-83,
-84,
-84,
-83,
-83,
-82,
-83,
-83,
-84,
-83,
-84,
-83,
-83,
-83,
-84,
-83,
-85,
-83,
-83,
-84,
-84,
-83,
-83,
-85,
-83,
-84,
-85,
-85,
-82,
-84,
-85,
-85,
-84,
-83,
-83,
-82,
-87,
-84,
-86,
-83,
-86,
-84,
-84,
-84,
-84,
-85,
-84,
-83,
-82,
-82,
-83,
-86,
-82,
-81,
-82,
-81,
-84,
-84,
-87,
-86,
-89,
-83,
-81,
-84,
-83,
-81,
-82,
-84,
-83,
-82,
-81,
-83,
-83,
-81,
-82,
-81,
-88,
-89,
-87,
-86,
-88,
-87,
-87,
-89,
-83,
-94,
-86,
-89,
-87,
-89,
-89,
-87,
-86,
-93,
-88,
-84,
-84,
-88,
-88,
-90,
-86,
-85,
-91,
-86,
-85,
-89,
-88,
-83,
-86,
-90,
-82,
-85,
-89,
-82,
-77,
-80,
-87,
-81,
-92,
-91,
-92,
-84,
-87,
-82,
-86,
-82,
-85,
-83,
-91,
-86,
-81,
-87,
-84,
-81,
-81,
-81,
-82,
-84,
-83,
-84,
-84,
-83,
-81,
-81,
-80,
-81,
-81,
-81,
-81,
-84,
-82,
-81,
-81,
-81,
-81,
-81,
-80,
-81,
-80,
-81,
-82,
-81,
-82,
-81,
-81,
-82,
-81,
-81,
-81,