-67,
-69,
-66,
-65,
-65,
-65,
-66,
-66,
-66,
-66,
-66,
-67,
-67,
-65,
-67,
-65,
-66,
-67,
-65,
-65,
-66,
-65,
-66,
-66,
-66,
-66,
-66,
-65,
-67,
-66,
-67,
-68,
-67,
-67,
-66,
-67,
-65,
-66,
-67,
-67,
-67,
-64,
-66,
-66,
-65,
-65,
-66,
-65,
-66,
-66,
-66,
-66,
-66,
-66,
-67,
-65,
-66,
-66,
-66,
-65,
-66,
-66,
-65,
-67,
-65,
-66,
-66,
-65,
-66,
-65,
-65,
-66,
-66,
-66,
-66,
-65,
-67,
-65,
-65,
-66,
-65,
-65,
-65,
-66,
-66,
-66,
-64,
-69,
-66,
-64,
-64,
-65,
-66,
-65,
-67,
-66,
-67,
-67,
-68,
-72,
-70,
-83,
-75,
-79,
-71,
-76,
-71,
-79,
-73,
-73,
-79,
-75,
-67,
-76,
-69,
-74,
-78,
-82,
-69,
-68,
-79,
-70,
-84,
-83,
-74,
-73,
-73,
-78,
-76,
-84,
-72,
-72,
-69,
-78,
-73,
-72,
-73,
-76,
-66,
-75,
-72,
-68,
-71,
-75,
-69,
-66,
-66,
-73,
-71,
-70,
-79,
-71,
-77,
-86,
-74,
-76,
-84,
-69,
-91,
-82,
-71,
-77,
-76,
-70,
-65,
-74,
-69,
-83,
-73,
-68,
-83,
-81,
-67,
-71,
-66,
-79,
-67,
-71,
-71,
-68,
-81,
-65,
-68,
-67,
-75,
-80,
-73,
-69,
-70,
-70,
-71,
-67,
-69,
-71,
-84,
-68,
-76,
-71,
-76,
-73,
-73,
-72,
-68,
-71,
-72,
-72,
-73,
-74,
-68,
-68,
-69,
-67,
-69,
-67,
-66,
-67,
-67,
-67,
-66,
-67,
-67,
-67,
-67,
-67,
-68,
-67,
-67,
-66,
-67,
-67,
-69,
-68,
-67,
-67,
-68,
-67,
-68,
-67,
-67,
-67,
-67,
-68,
-68,
-66,