-57,
-60,
-61,
-61,
-60,
-61,
-62,
-60,
-61,
-60,
-60,
-60,
-61,
-61,
-60,
-60,
-60,
-62,
-63,
-62,
-62,
-60,
-62,
-60,
-60,
-60,
-61,
-61,
-63,
-60,
-60,
-61,
-60,
-60,
-60,
-60,
-61,
-60,
-57,
-61,
-60,
-61,
-61,
-60,
-60,
-60,
-59,
-61,
-61,
-60,
-61,
-60,
-60,
-60,
-60,
-60,
-61,
-59,
-61,
-61,
-60,
-61,
-60,
-60,
-60,
-62,
-60,
-61,
-61,
-60,
-60,
-60,
-60,
-61,
-60,
-60,
-61,
-61,
-62,
-61,
-60,
-60,
-60,
-60,
-60,
-61,
-60,
-61,
-61,
-60,
-60,
-60,
-62,
-62,
-63,
-62,
-62,
-60,
-60,
-60,
-60,
-60,
-60,
-61,
-60,
-61,
-61,
-61,
-62,
-61,
-61,
-61,
-62,
-61,
-61,
-61,
-62,
-61,
-61,
-61,
-61,
-61,
-61,
-61,
-62,
-61,
-61,
-62,
-61,
-60,
-59,
-61,
-62,
-61,
-61,
-62,
-62,
-61,
-62,
-61,
-61,
-61,
-61,
-61,
-61,
-61,
-61,
-61,
-61,
-60,
-60,
-61,
-61,
-61,
-62,
-62,
-63,
-61,
-61,
-61,
-61,
-60,
-61,
-61,
-62,
-61,
-61,
-61,
-61,
-61,
-62,
-61,
-61,
-62,
-61,
-60,
-60,
-61,
-59,
-61,
-61,
-61,
-60,
-60,
-60,
-61,
-60,
-61,
-60,
-61,
-61,
-60,
-62,
-62,
-61,
-61,
-61,
-60,
-61,
-61,
-61,
-61,
-61,
-61,
-61,
-61,
-62,
-61,
-62,
-60,
-60,
-61,
-61,
-61,
-61,
-61,
-61,
-61,
-60,
-61,
-60,
-61,
-61,
-61,
-60,
-61,
-61,
-61,
-61,
-61,
-61,
-62,
-60,
-61,
-61,
-61,
-61,
-62,
-60,
-60,
-60,
-61,
-61,
-61,
-61,
-60,
-62,
-61,
-62,
-61,
-61,
-60,
-61,
-60,
-61,
-60,
-60,
-61,
-60,
-61,
-61,
-60,
-60,
-61,
-61,
-62,
-60,
-61,
-61,
-61,
-60,
-60,
-61,
-61,
-61,
-61,
-61,
-61,
-61,
-61,
-62,
-61,
-61,
-60,
-60,
-61,
-61,
-61,
-61,
-61,
-61,
-60,
-60,
-62,
-61,
-60,
-61,
-60,
-60,
-61,
-61,
-60,
-62,
-60,
-61,
-61,
-60,
-61,
-60,
-61,
-61,
-61,
-60,
-61,
-61,
-61,
-62,
-61,
-61,
-60,
-62,
-62,
-61,
-63,
-60,
-61,
-61,
-60,
-60,
-62,
-62,
-61,
-59,
-61,
-59,
-59,
-61,
-60,
-62,
-61,
-59,
-63,
-60,
-63,
-63,
-61,
-60,
-62,
-63,
-61,
-64,
-62,
-62,
-60,
-60,
-63,
-66,
-67,
-72,
-69,
-70,
-70,
-66,
-66,
-69,
-70,
-69,
-64,
-63,
-62,
-62,
-64,
-64,
-61,
-64,
-62,
-64,
-62,
-62,
-63,
-65,
-66,
-62,
-60,
-62,
-69,
-64,
-62,
-62,
-66,
-62,
-63,
-66,
-63,
-68,
-68,
-73,
-70,
-68,
-68,
-66,
-65,
-63,
-62,
-66,
-63,
-72,
-74,
-69,
-67,
-68,
-66,
-66,
-67,
-66,
-70,
-68,
-62,
-64,
-63,
-65,
-65,
-62,
-58,
-58,
-60,
-60,
-63,
-68,
-64,
-63,
-64,
-71,
-70,
-69,
-75,
-72,
-68,
-66,
-65,
-63,
-63,
-64,
-70,
-71,
-73,
-72,
-70,
-65,
-62,
-62,
-64,
-68,
-75,
-72,
-65,
-65,
-66,
-70,
-73,
-71,
-67,
-71,
-72,
-67,
-62,
-68,
-66,
-61,
-57,
-61,
-64,
-63,
-61,
-61,
-65,
-64,
-66,
-70,
-69,
-66,
-63,
-61,
-63,
-66,
-68,
-66,
-62,
-60,
-62,
-59,
-62,
-68,
-63,
-61,
-65,
-69,
-70,
-66,
-62,
-60,
-62,
-63,
-62,
-59,
-60,
-60,
-67,
-63,
-61,
-65,
-65,
-63,
-62,
-60,
-64,
-65,
-68,
-67,
-71,
-71,
-73,
-71,
-68,
-69,
-70,
-68,
-68,
-68,
-65,
-63,
-62,
-62,
-62,
-61,
-62,
-64,
-66,
-63,
-61,
-59,
-59,
-59,
-60,
-65,
-62,
-64,
-66,
-72,
-71,
-67,
-67,
-72,
-71,
-73,
-64,
-63,
-65,
-64,
-67,
-65,
-65,
-68,
-62,
-59,
-57,
-59,
-60,
-59,
-59,
-60,
-58,
-58,
-62,
-65,
-71,
-72,
-68,
-66,
-64,
-67,
-70,
-67,
-60,
-63,
-63,
-63,
-62,
-64,
-67,
-65,
-64,
-69,
-66,
-67,
-67,
-69,
-63,
-63,
-66,
-64,
-62,
-64,
-66,
-62,
-64,
-65,
-67,
-68,
-69,
-66,
-64,
-68,
-75,
-71,
-65,
-67,
-74,
-73,
-70,
-72,
-69,
-69,
-68,
-69,
-73,
-71,
-71,
-71,
-67,
-67,
-70,
-66,
-62,
-64,
-63,
-61,
-58,
-58,
-59,
-59,
-62,
-62,
-61,
-60,
-63,
-62,
-63,
-65,
-70,
-67,
-65,
-64,
-63,
-61,
-61,
-60,
-60,
-61,
-62,
-61,
-60,
-59,
-60,
-61,
-64,
-63,
-64,
-64,
-61,
-60,
-60,
-57,
-58,
-58,
-58,
-59,
-60,
-66,
-64,
-62,
-63,
-64,
-63,
-61,
-60,
-58,
-57,
-57,
-59,
-60,
-64,
-71,
-69,
-70,
-68,
-63,
-64,
-62,
-61,
-61,
-61,
-61,
-62,
-59,
-60,
-57,
-59,
-59,
-60,
-63,
-60,
-60,
-58,
-57,
-59,
-57,
-61,
-61,
-61,
-61,
-62,
-63,
-61,
-61,
-61,
-60,
-60,
-65,
-66,
-64,
-64,
-60,
-59,
-59,
-60,
-61,
-61,
-60,
-56,
-57,
-58,
-59,
-59,
-59,
-59,
-59,
-58,
-59,
-62,
-71,
-67,
-66,
-70,
-67,
-61,
-66,
-67,
-65,
-64,
-72,
-70,
-64,
-68,
-71,
-68,
-71,
-64,
-66,
-71,
-67,
-63,
-67,
-68,
-62,
-67,
-66,
-67,
-69,
-68,
-66,
-71,
-71,
-66,
-65,
-66,
-68,
-66,
-63,
-71,
-71,
-67,
-69,
-72,
-69,
-71,
-70,
-65,
-63,
-65,
-66,
-65,
-66,
-64,
-65,
-63,
-67,
-65,
-65,
-64,
-64,
-64,
-65,
-65,
-65,
-65,
-65,
-65,
-65,
-64,
-65,
-65,
-65,
-65,
-65,
-65,
-65,
-65,
-65,
-65,
-65,
-65,
-65,
-65,
-65,
-65,
-65,
-65,
-65,
-65,
-65,
-65,
-65,
-65,
-66,
-65,
-65,
-66,
-65,
-65,
-65,
-65,
-65,
-65,
-64,
-65,
-65,
-64,
-65,
-65,
-64,
-65,
-65,
-65,
-65,
-65,
-64,
-65,
-65,
-65,
-65,
-64,
-65,
-65,
-65,
-65,
-65,
-65,
-65,
-65,
-65,
-65,
-65,
-65,
-65,
-65,
-66,
-65,
-65,
-65,
-65,
-66,
-65,
-65,
-65,
-65,
-65,
-65,
-65,
-65,
-64,
-65,
-64,
-65,
-64,
-65,
-65,
-64,
-65,
-65,
-65,
-65,
-65,
-65,
-65,
-65,
-65,
-65,
-65,
-65,
-64,
-65,
-65,
-64,
-65,
-65,
-65,
-65,
-65,
-65,
-65,
-65,