-67,
-63,
-65,
-62,
-64,
-62,
-62,
-63,
-61,
-62,
-61,
-64,
-63,
-62,
-63,
-62,
-61,
-61,
-61,
-62,
-63,
-61,
-63,
-62,
-61,
-62,
-63,
-63,
-62,
-62,
-62,
-62,
-63,
-62,
-62,
-63,
-62,
-62,
-62,
-62,
-62,
-62,
-62,
-62,
-62,
-62,
-62,
-62,
-62,
-62,
-62,
-62,
-62,
-62,
-62,
-62,
-62,
-62,
-62,
-62,
-61,
-61,
-62,
-62,
-62,
-62,
-61,
-61,
-65,
-65,
-65,
-64,
-66,
-65,
-66,
-67,
-67,
-67,
-67,
-64,
-67,
-68,
-69,
-66,
-66,
-66,
-67,
-66,
-66,
-70,
-65,
-63,
-60,
-62,
-62,
-61,
-63,
-69,
-68,
-72,
-64,
-67,
-70,
-65,
-63,
-68,
-70,
-72,
-67,
-66,
-75,
-66,
-73,
-66,
-66,
-66,
-69,
-69,
-64,
-72,
-71,
-68,
-66,
-73,
-77,
-79,
-69,
-66,
-61,
-65,
-74,
-62,
-63,
-64,
-64,
-67,
-71,
-63,
-68,
-73,
-63,
-71,
-67,
-61,
-72,
-73,
-67,
-72,
-70,
-61,
-71,
-71,
-67,
-66,
-73,
-69,
-65,
-67,
-67,
-76,
-76,
-67,
-67,
-61,
-69,
-63,
-77,
-63,
-65,
-64,
-69,
-64,
-60,
-70,
-63,
-69,
-76,
-60,
-61,
-60,
-68,
-66,
-62,
-62,
-71,
-66,
-81,
-73,
-73,
-71,
-61,
-63,
-65,
-67,
-69,
-70,
-61,
-64,
-60,
-64,
-69,
-71,
-65,
-62,
-73,
-69,
-72,
-73,
-69,
-69,
-69,
-71,
-70,
-73,
-76,
-74,
-72,
-71,
-73,
-72,
-70,
-70,
-70,
-73,
-72,
-73,
-73,
-73,
-74,
-73,
-74,
-74,
-74,
-74,
-74,
-74,
-74,
-74,
-74,
-74,
-74,
-73,