-78,
-79,
-79,
-78,
-80,
-79,
-79,
-79,
-79,
-79,
-79,
-79,
-79,
-79,
-79,
-79,
-79,
-79,
-79,
-79,
-79,
-80,
-79,
-79,
-79,
-79,
-79,
-79,
-79,
-80,
-79,
-79,
-79,
-80,
-79,
-79,
-79,
-79,
-79,
-79,
-79,
-79,
-79,
-79,
-79,
-79,
-79,
-79,
-80,
-79,
-79,
-78,
-79,
-78,
-79,
-78,
-79,
-79,
-79,
-79,
-79,
-79,
-79,
-80,
-79,
-79,
-79,
-78,
-79,
-79,
-79,
-79,
-79,
-79,
-79,
-79,
-79,
-79,
-79,
-79,
-80,
-79,
-79,
-79,
-80,
-79,
-78,
-79,
-78,
-80,
-80,
-80,
-83,
-78,
-79,
-79,
-80,
-79,
-80,
-82,
-78,
-79,
-76,
-83,
-80,
-75,
-89,
-75,
-80,
-78,
-78,
-75,
-77,
-87,
-75,
-78,
-76,
-76,
-76,
-79,
-83,
-82,
-79,
-89,
-77,
-84,
-83,
-84,
-77,
-83,
-76,
-74,
-74,
-78,
-86,
-81,
-73,
-74,
-79,
-78,
-77,
-78,
-89,
-76,
-87,
-74,
-76,
-79,
-81,
-81,
-88,
-81,
-75,
-73,
-75,
-82,
-78,
-75,
-77,
-79,
-81,
-82,
-77,
-84,
-87,
-79,
-78,
-79,
-83,
-81,
-85,
-73,
-79,
-92,
-79,
-84,
-83,
-84,
-73,
-76,
-82,
-84,
-79,
-78,
-82,
-75,
-77,
-78,
-80,
-80,
-80,
-78,
-82,
-79,
-81,
-80,
-83,
-78,
-80,
-79,
-79,
-78,
-80,
-80,
-80,
-81,
-80,
-80,
-79,
-80,
-80,
-79,
-80,
-81,
-80,
-80,
-79,
-79,
-80,
-80,