-59,
-60,
-59,
-59,
-59,
-59,
-59,
-59,
-59,
-59,
-59,
-59,
-59,
-59,
-59,
-59,
-59,
-59,
-59,
-59,
-60,
-59,
-59,
-59,
-59,
-59,
-59,
-59,
-59,
-59,
-59,
-59,
-59,
-59,
-59,
-59,
-59,
-59,
-59,
-59,
-59,
-59,
-60,
-59,
-59,
-59,
-60,
-59,
-59,
-59,
-59,
-60,
-59,
-59,
-60,
-59,
-59,
-59,
-59,
-59,
-60,
-59,
-59,
-60,
-60,
-60,
-59,
-59,
-59,
-59,
-59,
-59,
-59,
-59,
-59,
-59,
-59,
-59,
-59,
-59,
-59,
-59,
-59,
-59,
-59,
-59,
-59,
-59,
-59,
-59,
-59,
-59,
-60,
-58,
-59,
-59,
-60,
-59,
-59,
-58,
-59,
-58,
-58,
-58,
-58,
-61,
-61,
-59,
-59,
-58,
-59,
-59,
-60,
-59,
-59,
-57,
-59,
-59,
-63,
-61,
-57,
-69,
-57,
-63,
-63,
-53,
-56,
-58,
-64,
-58,
-59,
-58,
-57,
-58,
-60,
-54,
-54,
-54,
-58,
-61,
-59,
-59,
-59,
-57,
-59,
-65,
-64,
-65,
-67,
-56,
-52,
-55,
-53,
-53,
-55,
-56,
-53,
-54,
-53,
-52,
-55,
-52,
-56,
-63,
-55,
-64,
-57,
-56,
-60,
-58,
-54,
-54,
-55,
-53,
-59,
-55,
-57,
-51,
-63,
-53,
-66,
-65,
-67,
-65,
-59,
-54,
-58,
-69,
-82,
-66,
-70,
-64,
-60,
-61,
-51,
-53,
-52,
-52,
-53,
-52,
-52,
-52,
-52,
-52,
-51,
-52,
-52,
-53,
-53,
-52,
-52,
-52,
-52,
-52,
-52,
-52,
-52,
-52,
-52,
-52,
-52,
-52,
-52,
-52,
-52,
-52,
-52,
-52,