-72,
-72,
-72,
-72,
-71,
-71,
-72,
-72,
-72,
-72,
-71,
-72,
-71,
-72,
-71,
-71,
-72,
-72,
-72,
-71,
-72,
-71,
-72,
-72,
-72,
-72,
-72,
-71,
-71,
-72,
-72,
-72,
-71,
-72,
-72,
-71,
-71,
-71,
-72,
-71,
-72,
-72,
-72,
-72,
-71,
-71,
-71,
-72,
-72,
-71,
-72,
-71,
-71,
-71,
-71,
-72,
-71,
-71,
-71,
-72,
-72,
-72,
-72,
-71,
-71,
-72,
-72,
-72,
-72,
-72,
-72,
-71,
-72,
-72,
-72,
-71,
-72,
-71,
-72,
-72,
-72,
-72,
-72,
-72,
-72,
-72,
-75,
-73,
-70,
-72,
-69,
-68,
-75,
-71,
-72,
-67,
-70,
-72,
-69,
-68,
-69,
-67,
-70,
-69,
-67,
-73,
-73,
-76,
-78,
-72,
-78,
-77,
-73,
-78,
-71,
-74,
-80,
-82,
-72,
-80,
-82,
-70,
-74,
-77,
-81,
-77,
-77,
-72,
-72,
-73,
-75,
-77,
-75,
-74,
-71,
-72,
-74,
-76,
-77,
-75,
-69,
-73,
-81,
-83,
-75,
-79,
-76,
-80,
-77,
-78,
-78,
-72,
-69,
-71,
-67,
-74,
-79,
-83,
-76,
-70,
-72,
-72,
-82,
-75,
-76,
-76,
-71,
-67,
-83,
-72,
-80,
-76,
-73,
-76,
-69,
-70,
-73,
-69,
-67,
-73,
-74,
-78,
-70,
-67,
-66,
-70,
-68,
-66,
-65,
-65,
-65,
-64,
-64,
-63,
-62,
-67,
-64,
-65,
-64,
-65,
-65,
-64,
-64,
-65,
-64,
-65,
-65,
-64,
-64,
-64,
-64,
-66,
-64,
-64,
-64,
-65,
-64,
-64,