-50,
-53,
-53,
-53,
-53,
-54,
-52,
-53,
-53,
-54,
-54,
-53,
-54,
-54,
-54,
-54,
-53,
-54,
-54,
-54,
-54,
-54,
-54,
-53,
-54,
-54,
-54,
-53,
-53,
-54,
-54,
-53,
-54,
-54,
-54,
-54,
-54,
-53,
-53,
-53,
-54,
-53,
-53,
-53,
-53,
-53,
-54,
-54,
-53,
-53,
-53,
-53,
-54,
-54,
-54,
-53,
-53,
-53,
-53,
-53,
-54,
-54,
-53,
-53,
-53,
-53,
-53,
-54,
-54,
-54,
-54,
-53,
-53,
-53,
-53,
-54,
-54,
-53,
-53,
-54,
-54,
-53,
-54,
-53,
-54,
-54,
-53,
-53,
-53,
-53,
-53,
-54,
-54,
-54,
-53,
-53,
-54,
-54,
-53,
-54,
-54,
-54,
-54,
-54,
-53,
-54,
-53,
-54,
-54,
-54,
-53,
-54,
-54,
-53,
-53,
-54,
-53,
-54,
-53,
-54,
-54,
-54,
-54,
-54,
-54,
-54,
-54,
-54,
-53,
-54,
-54,
-54,
-53,
-54,
-54,
-53,
-53,
-53,
-53,
-54,
-53,
-54,
-53,
-54,
-54,
-54,
-53,
-54,
-54,
-54,
-54,
-53,
-54,
-53,
-53,
-54,
-54,
-54,
-54,
-54,
-54,
-54,
-53,
-53,
-54,
-54,
-54,
-54,
-54,
-54,
-54,
-53,
-53,
-53,
-53,
-54,
-54,
-53,
-54,
-53,
-53,
-53,
-53,
-54,
-54,
-54,
-54,
-53,
-53,
-54,
-53,
-53,
-53,
-54,
-54,
-54,
-54,
-54,
-54,
-54,
-54,
-54,
-54,
-54,
-54,
-54,
-54,
-54,
-54,
-53,
-53,
-54,
-53,
-54,
-53,
-54,
-54,
-54,
-53,
-53,
-53,
-53,
-54,
-53,
-52,
-54,
-54,
-54,
-54,
-54,
-54,
-54,
-54,
-54,
-54,
-54,
-54,
-54,
-54,
-54,
-55,
-54,
-54,
-54,
-54,
-54,
-54,
-54,
-55,
-54,
-54,
-54,
-54,
-54,
-54,
-54,
-54,
-54,
-54,
-54,
-54,
-54,
-54,
-53,
-54,
-55,
-54,
-54,
-54,
-54,
-54,
-54,
-54,
-54,
-54,
-54,
-54,
-53,
-54,
-54,
-54,
-55,
-54,
-54,
-54,
-54,
-54,
-54,
-54,
-54,
-53,
-54,
-55,
-54,
-54,
-54,
-55,
-54,
-54,
-55,
-55,
-54,
-54,
-54,
-54,
-54,
-54,
-54,
-54,
-55,
-54,
-55,
-54,
-53,
-53,
-54,
-54,
-53,
-54,
-54,
-54,
-54,
-53,
-53,
-53,
-53,
-53,
-54,
-54,
-54,
-54,
-54,
-54,
-54,
-54,
-54,
-54,
-54,
-54,
-54,
-54,
-54,
-54,
-54,
-54,
-54,
-54,
-54,
-54,
-55,
-54,
-54,
-53,
-54,
-54,
-54,
-54,
-54,
-54,
-54,
-55,
-55,
-54,
-55,
-55,
-54,
-53,
-55,
-55,
-54,
-54,
-54,
-55,
-55,
-55,
-55,
-54,
-54,
-54,
-54,
-54,
-51,
-54,
-53,
-54,
-54,
-54,
-53,
-55,
-55,
-54,
-55,
-54,
-55,
-55,
-54,
-54,
-53,
-54,
-54,
-55,
-54,
-54,
-55,
-54,
-54,
-53,
-53,
-53,
-53,
-53,
-54,
-54,
-54,
-54,
-54,
-54,
-54,
-54,
-54,
-53,
-54,
-54,
-55,
-54,
-53,
-54,
-54,
-54,
-54,
-54,
-54,
-54,
-54,
-55,
-55,
-54,
-55,
-53,
-53,
-54,
-55,
-57,
-54,
-53,
-57,
-57,
-59,
-64,
-52,
-50,
-52,
-57,
-52,
-52,
-47,
-50,
-50,
-52,
-51,
-48,
-49,
-49,
-46,
-45,
-46,
-42,
-42,
-42,
-44,
-50,
-46,
-47,
-48,
-49,
-48,
-47,
-48,
-51,
-48,
-44,
-43,
-48,
-45,
-42,
-40,
-38,
-37,
-37,
-39,
-39,
-41,
-42,
-40,
-41,
-40,
-42,
-45,
-45,
-48,
-52,
-56,
-55,
-54,
-52,
-50,
-50,
-53,
-53,
-53,
-54,
-53,
-53,
-48,
-46,
-46,
-45,
-45,
-45,
-45,
-47,
-47,
-47,
-47,
-49,
-50,
-51,
-52,
-54,
-54,
-57,
-61,
-62,
-61,
-59,
-60,
-59,
-58,
-57,
-58,
-56,
-55,
-56,
-60,
-64,
-59,
-60,
-58,
-59,
-58,
-56,
-56,
-53,
-54,
-55,
-55,
-53,
-51,
-51,
-51,
-53,
-56,
-62,
-54,
-48,
-48,
-49,
-51,
-52,
-53,
-55,
-57,
-53,
-56,
-54,
-49,
-46,
-44,
-44,
-43,
-43,
-41,
-41,
-39,
-39,
-40,
-41,
-42,
-41,
-41,
-39,
-40,
-41,
-44,
-44,
-44,
-44,
-44,
-43,
-43,
-42,
-39,
-38,
-39,
-40,
-41,
-42,
-41,
-43,
-42,
-42,
-42,
-46,
-49,
-51,
-54,
-56,
-50,
-50,
-50,
-54,
-61,
-62,
-59,
-62,
-57,
-54,
-54,
-53,
-54,
-50,
-46,
-48,
-48,
-48,
-47,
-50,
-52,
-47,
-45,
-44,
-44,
-42,
-42,
-44,
-44,
-45,
-47,
-43,
-44,
-46,
-51,
-46,
-44,
-48,
-50,
-52,
-50,
-46,
-44,
-45,
-46,
-44,
-45,
-47,
-51,
-54,
-52,
-47,
-43,
-42,
-45,
-47,
-43,
-42,
-46,
-50,
-50,
-47,
-42,
-44,
-43,
-44,
-45,
-48,
-48,
-48,
-48,
-48,
-48,
-46,
-43,
-42,
-41,
-41,
-42,
-44,
-46,
-45,
-44,
-47,
-48,
-47,
-45,
-49,
-61,
-63,
-64,
-55,
-49,
-48,
-52,
-55,
-50,
-48,
-50,
-56,
-60,
-55,
-49,
-47,
-49,
-51,
-54,
-63,
-59,
-55,
-53,
-49,
-50,
-49,
-50,
-47,
-47,
-54,
-53,
-51,
-48,
-47,
-46,
-48,
-46,
-49,
-54,
-49,
-50,
-55,
-52,
-51,
-51,
-51,
-53,
-52,
-53,
-50,
-50,
-52,
-49,
-52,
-51,
-51,
-50,
-50,
-50,
-50,
-51,
-51,
-51,
-51,
-51,
-51,
-50,
-51,
-51,
-51,
-51,
-51,
-51,
-51,
-51,
-51,
-51,
-51,
-51,
-51,
-51,
-51,
-51,
-51,
-51,
-51,
-50,
-51,
-51,
-51,
-51,
-51,
-50,
-50,
-50,
-51,
-50,
-50,
-51,
-51,
-51,
-51,
-51,
-51,
-51,
-51,
-51,
-50,
-51,
-51,
-51,
-51,
-51,
-51,
-51,
-51,
-51,
-51,
-50,
-50,
-50,
-51,
-51,
-51,
-50,
-50,
-50,
-50,
-51,
-51,
-51,
-51,
-51,
-51,
-51,
-51,
-51,
-51,
-50,
-51,
-51,
-51,
-51,
-51,
-50,
-50,
-51,
-51,
-50,
-51,
-50,
-51,
-51,
-51,
-50,
-51,
-51,
-51,
-51,
-51,
-51,
-51,
-51,
-51,
-51,
-51,
-51,
-51,
-51,
-51,
-50,
-50,
-51,
-51,
-50,
-51,
-51,
-51,
-51,
-51,
-51,