-82,
-82,
-82,
-83,
-82,
-83,
-82,
-82,
-82,
-82,
-82,
-82,
-83,
-83,
-83,
-83,
-83,
-83,
-84,
-83,
-83,
-83,
-83,
-84,
-83,
-83,
-84,
-84,
-84,
-84,
-83,
-84,
-84,
-84,
-84,
-84,
-83,
-83,
-84,
-83,
-83,
-83,
-83,
-84,
-85,
-84,
-84,
-84,
-84,
-83,
-83,
-84,
-83,
-84,
-84,
-84,
-84,
-83,
-85,
-83,
-85,
-85,
-84,
-83,
-83,
-84,
-84,
-84,
-84,
-83,
-84,
-84,
-83,
-83,
-85,
-84,
-83,
-84,
-84,
-84,
-83,
-84,
-84,
-83,
-83,
-83,
-84,
-83,
-83,
-83,
-83,
-81,
-81,
-81,
-82,
-82,
-83,
-82,
-81,
-81,
-85,
-81,
-82,
-89,
-85,
-84,
-82,
-87,
-86,
-84,
-85,
-85,
-80,
-85,
-84,
-87,
-83,
-80,
-86,
-82,
-87,
-86,
-82,
-89,
-84,
-88,
-86,
-90,
-81,
-88,
-90,
-86,
-86,
-87,
-91,
-84,
-84,
-86,
-83,
-78,
-79,
-84,
-95,
-82,
-84,
-82,
-79,
-84,
-88,
-95,
-84,
-81,
-82,
-82,
-92,
-85,
-83,
-88,
-83,
-85,
-82,
-88,
-82,
-84,
-82,
-82,
-83,
-84,
-88,
-84,
-86,
-86,
-85,
-85,
-84,
-85,
-84,
-84,
-83,
-83,
-84,