-81,
-80,
-80,
-80,
-80,
-80,
-80,
-80,
-80,
-81,
-80,
-80,
-79,
-80,
-80,
-80,
-80,
-80,
-80,
-80,
-80,
-80,
-80,
-80,
-80,
-80,
-79,
-80,
-80,
-80,
-80,
-80,
-81,
-80,
-81,
-81,
-80,
-81,
-80,
-80,
-80,
-80,
-80,
-80,
-80,
-80,
-80,
-80,
-80,
-80,
-80,
-80,
-81,
-80,
-81,
-80,
-80,
-80,
-80,
-79,
-81,
-81,
-80,
-80,
-80,
-80,
-79,
-80,
-80,
-80,
-80,
-80,
-80,
-80,
-80,
-79,
-80,
-81,
-80,
-80,
-80,
-80,
-81,
-80,
-80,
-79,
-80,
-80,
-78,
-80,
-80,
-80,
-77,
-79,
-76,
-78,
-76,
-76,
-87,
-81,
-78,
-77,
-76,
-70,
-82,
-76,
-75,
-70,
-74,
-77,
-83,
-73,
-87,
-74,
-78,
-75,
-72,
-77,
-66,
-70,
-77,
-71,
-78,
-73,
-75,
-69,
-82,
-69,
-72,
-68,
-79,
-74,
-67,
-65,
-72,
-68,
-86,
-72,
-75,
-67,
-67,
-67,
-82,
-73,
-81,
-72,
-70,
-75,
-80,
-76,
-77,
-72,
-89,
-77,
-88,
-72,
-76,
-73,
-74,
-73,
-67,
-79,
-77,
-70,
-70,
-74,
-74,
-77,
-76,
-76,
-75,
-74,
-79,
-83,
-80,
-80,
-80,
-80,
-77,
-71,
-72,
-73,
-71,
-70,
-71,
-71,
-71,
-71,
-74,
-73,
-74,
-75,
-76,
-77,
-72,
-74,
-79,
-77,
-82,
-70,
-73,
-78,
-70,
-71,
-68,
-69,
-67,
-77,
-64,
-71,
-79,
-75,
-72,
-71,
-83,
-81,
-80,
-71,
-70,
-71,
-74,
-74,
-70,
-70,
-70,
-71,
-75,
-73,
-78,
-72,
-64,
-68,
-69,
-73,
-74,
-71,
-75,
-71,
-69,
-68,
-68,
-70,
-71,
-70,
-67,
-71,
-73,
-73,
-69,
-71,
-69,
-69,
-69,
-69,
-71,
-69,
-70,
-69,
-69,
-69,
-70,
-71,
-72,
-69,
-70,
-70,
-69,
-69,