-78,
-78,
-79,
-78,
-78,
-77,
-78,
-78,
-79,
-79,
-79,
-79,
-80,
-79,
-79,
-79,
-79,
-80,
-79,
-79,
-79,
-77,
-77,
-77,
-78,
-77,
-76,
-79,
-78,
-78,
-78,
-78,
-79,
-78,
-79,
-78,
-78,
-78,
-79,
-78,
-78,
-78,
-78,
-78,
-78,
-78,
-78,
-77,
-78,
-78,
-78,
-78,
-78,
-78,
-78,
-80,
-78,
-79,
-78,
-77,
-78,
-78,
-78,
-78,
-79,
-78,
-78,
-79,
-78,
-78,
-78,
-79,
-79,
-78,
-78,
-78,
-78,
-78,
-78,
-77,
-77,
-80,
-78,
-79,
-79,
-79,
-78,
-80,
-81,
-83,
-86,
-78,
-81,
-80,
-81,
-78,
-81,
-81,
-79,
-81,
-73,
-77,
-78,
-79,
-83,
-78,
-79,
-88,
-85,
-89,
-81,
-84,
-92,
-76,
-92,
-82,
-84,
-84,
-77,
-78,
-86,
-77,
-80,
-82,
-86,
-86,
-81,
-84,
-83,
-78,
-81,
-75,
-78,
-73,
-81,
-81,
-88,
-88,
-81,
-88,
-74,
-73,
-77,
-78,
-82,
-80,
-78,
-77,
-82,
-81,
-84,
-81,
-83,
-88,
-79,
-80,
-78,
-81,
-81,
-85,
-78,
-81,
-80,
-82,
-75,
-80,
-81,
-81,
-83,
-83,
-81,
-81,
-82,
-87,
-88,
-86,
-86,
-87,
-84,
-82,
-87,
-84,
-93,
-91,
-88,
-84,
-87,
-86,
-87,
-81,
-89,
-90,
-93,
-92,
-75,
-79,
-87,
-80,
-82,
-83,
-79,
-78,
-83,
-78,
-80,
-75,
-82,
-81,
-79,
-81,
-82,
-79,
-82,
-83,
-80,
-80,
-78,
-86,
-87,
-89,
-79,
-82,
-85,
-85,
-79,
-81,
-81,
-82,
-80,
-81,
-84,
-80,
-87,
-84,
-74,
-77,
-75,
-79,
-78,
-76,
-80,
-86,
-84,
-83,
-83,
-80,
-77,
-80,
-82,
-81,
-82,
-80,
-87,
-87,
-84,
-90,
-84,
-78,
-79,
-78,
-78,
-77,
-82,
-80,
-78,
-81,
-81,
-78,