-42,
-42,
-42,
-42,
-42,
-41,
-42,
-41,
-41,
-42,
-41,
-41,
-41,
-43,
-41,
-41,
-41,
-43,
-42,
-44,
-42,
-42,
-41,
-42,
-42,
-42,
-42,
-41,
-42,
-41,
-42,
-41,
-42,
-42,
-42,
-41,
-42,
-41,
-42,
-41,
-41,
-41,
-41,
-42,
-41,
-42,
-43,
-42,
-42,
-41,
-42,
-42,
-42,
-43,
-42,
-42,
-42,
-42,
-41,
-42,
-41,
-41,
-42,
-42,
-42,
-43,
-42,
-42,
-42,
-42,
-42,
-41,
-42,
-42,
-42,
-42,
-41,
-43,
-41,
-41,
-41,
-42,
-41,
-41,
-41,
-41,
-41,
-41,
-42,
-41,
-41,
-42,
-43,
-44,
-42,
-42,
-43,
-41,
-41,
-42,
-42,
-41,
-42,
-42,
-41,
-43,
-45,
-44,
-50,
-45,
-46,
-51,
-59,
-49,
-50,
-49,
-47,
-50,
-52,
-43,
-51,
-46,
-44,
-52,
-49,
-44,
-45,
-50,
-44,
-46,
-51,
-51,
-51,
-62,
-57,
-73,
-56,
-57,
-57,
-63,
-52,
-57,
-62,
-66,
-54,
-59,
-62,
-59,
-70,
-60,
-52,
-58,
-59,
-51,
-55,
-52,
-52,
-53,
-50,
-48,
-50,
-51,
-47,
-56,
-47,
-49,
-52,
-51,
-44,
-50,
-41,
-48,
-49,
-50,
-50,
-51,
-50,
-50,
-49,
-52,
-53,
-52,
-53,
-53,
-52,
-52,
-54,
-54,
-50,
-49,
-48,
-46,
-47,
-49,
-49,
-50,
-52,
-53,
-59,
-52,
-52,
-45,
-55,
-46,
-49,
-52,
-46,
-39,
-46,
-43,
-42,
-47,
-51,
-51,
-52,
-46,
-50,
-51,
-57,
-51,
-52,
-52,
-51,
-48,
-54,
-49,
-49,
-48,
-57,
-55,
-50,
-52,
-51,
-53,
-53,
-47,
-65,
-50,
-57,
-48,
-45,
-55,
-47,
-46,
-40,
-39,
-40,
-39,
-39,
-39,
-39,
-39,
-40,
-39,
-39,
-39,
-39,
-39,
-39,
-39,
-40,
-39,
-39,
-39,
-39,
-39,
-39,
-39,
-39,
-39,
-39,
-38,
-39,
-39,
-40,
-40,
-40,