-57,
-58,
-57,
-57,
-57,
-57,
-57,
-57,
-57,
-57,
-57,
-57,
-57,
-57,
-57,
-57,
-57,
-57,
-57,
-57,
-57,
-57,
-57,
-57,
-57,
-57,
-57,
-57,
-57,
-57,
-57,
-57,
-57,
-57,
-57,
-57,
-57,
-57,
-57,
-58,
-57,
-57,
-57,
-57,
-57,
-57,
-58,
-57,
-57,
-57,
-58,
-58,
-57,
-57,
-57,
-57,
-57,
-58,
-57,
-58,
-57,
-57,
-57,
-57,
-58,
-58,
-57,
-57,
-57,
-57,
-57,
-57,
-57,
-57,
-57,
-57,
-57,
-57,
-57,
-58,
-58,
-57,
-57,
-57,
-58,
-58,
-58,
-57,
-57,
-58,
-57,
-57,
-57,
-58,
-58,
-57,
-57,
-57,
-57,
-58,
-58,
-58,
-56,
-63,
-63,
-63,
-57,
-57,
-55,
-56,
-55,
-64,
-66,
-61,
-59,
-61,
-62,
-61,
-58,
-64,
-67,
-65,
-68,
-63,
-62,
-61,
-67,
-77,
-70,
-68,
-69,
-68,
-69,
-66,
-69,
-70,
-65,
-64,
-65,
-73,
-67,
-71,
-68,
-60,
-67,
-65,
-61,
-62,
-67,
-71,
-62,
-68,
-60,
-64,
-64,
-60,
-58,
-66,
-60,
-61,
-60,
-72,
-67,
-60,
-65,
-57,
-58,
-61,
-69,
-64,
-63,
-65,
-61,
-65,
-70,
-61,
-59,
-59,
-59,
-59,
-60,
-61,
-62,
-61,
-60,
-60,
-60,
-60,
-67,
-70,
-69,
-62,
-65,
-66,
-68,
-68,
-68,
-67,
-62,
-63,
-62,
-62,
-61,
-61,
-78,
-57,
-65,
-59,
-71,
-64,
-65,
-73,
-57,
-65,
-64,
-59,
-72,
-66,
-65,
-85,
-76,
-63,
-62,
-61,
-59,
-59,
-59,
-64,
-67,
-61,
-66,
-56,
-60,
-66,
-60,
-58,
-57,
-58,
-63,
-60,
-59,
-63,
-79,
-73,
-69,
-59,
-65,
-60,
-68,
-71,
-60,
-59,
-56,
-56,
-55,
-54,
-55,
-57,
-55,
-54,
-55,
-54,
-55,
-56,
-58,
-56,
-56,
-56,
-56,
-56,
-56,
-56,
-56,
-55,
-56,
-56,
-56,
-56,
-56,
-56,
-56,
-56,