-72,
-71,
-71,
-72,
-71,
-73,
-72,
-72,
-71,
-71,
-71,
-71,
-72,
-72,
-72,
-72,
-71,
-71,
-72,
-71,
-72,
-71,
-72,
-72,
-71,
-71,
-71,
-72,
-71,
-72,
-71,
-71,
-71,
-71,
-71,
-72,
-72,
-71,
-70,
-72,
-72,
-70,
-67,
-72,
-72,
-75,
-73,
-75,
-74,
-77,
-70,
-75,
-76,
-79,
-82,
-67,
-71,
-69,
-70,
-72,
-69,
-69,
-81,
-83,
-81,
-68,
-79,
-71,
-74,
-70,
-75,
-73,
-72,
-74,
-68,
-72,
-73,
-74,
-72,
-67,
-70,
-71,
-80,
-73,
-80,
-73,
-73,
-78,
-68,
-74,
-73,
-78,
-72,
-69,
-77,
-71,
-72,
-70,
-69,
-71,
-73,
-79,
-69,
-67,
-78,
-77,
-72,
-74,
-75,
-75,
-71,
-77,
-76,
-77,
-76,
-80,
-72,
-84,
-83,
-86,
-87,
-90,
-87,
-85,
-85,
-83,
-83,
-84,
-84,
-84,
-85,
-83,
-84,
-83,
-83,
-83,
-84,
-84,
-83,
-83,
-84,
-83,
-82,
-84,
-83,
-83,
-83,
-84,
-83,
-83,
-83,
-83,
-83,
-84,
-83,
-83,
-84,
-83,
-83,
-84,
-83,
-83,
-85,
-86,
-86,
-84,
-84,