-68,
-68,
-67,
-69,
-68,
-69,
-69,
-68,
-68,
-69,
-68,
-68,
-67,
-70,
-68,
-68,
-69,
-68,
-69,
-68,
-67,
-69,
-68,
-67,
-68,
-69,
-69,
-68,
-68,
-68,
-69,
-69,
-68,
-68,
-67,
-68,
-66,
-69,
-68,
-70,
-68,
-76,
-79,
-75,
-88,
-77,
-67,
-68,
-76,
-70,
-75,
-75,
-79,
-81,
-79,
-75,
-71,
-82,
-77,
-68,
-75,
-78,
-77,
-73,
-72,
-77,
-70,
-74,
-67,
-72,
-79,
-69,
-74,
-73,
-71,
-69,
-67,
-75,
-78,
-72,
-75,
-70,
-70,
-77,
-83,
-77,
-74,
-79,
-79,
-80,
-68,
-68,
-69,
-70,
-66,
-72,
-69,
-78,
-67,
-80,
-79,
-70,
-71,
-70,
-81,
-78,
-76,
-75,
-79,
-78,
-83,
-77,
-78,
-67,
-71,
-69,
-66,
-66,
-67,
-66,
-67,
-66,
-66,
-67,
-66,
-66,
-66,
-66,
-67,
-66,
-67,
-67,
-66,
-66,
-68,
-66,
-67,
-68,
-66,
-66,
-66,
-67,
-67,
-67,
-66,
-66,
-66,
-67,
-66,
-67,
-68,
-67,
-66,
-67,
-66,
-66,
-66,
-67,
-66,
-67,
-66,
-66,
-68,
-67,
-66,
-66,
-66,
-67,
-66,
-66,