-52,
-53,
-53,
-53,
-53,
-53,
-52,
-53,
-53,
-53,
-53,
-53,
-54,
-53,
-53,
-53,
-53,
-53,
-53,
-53,
-53,
-53,
-53,
-53,
-53,
-53,
-53,
-53,
-53,
-53,
-53,
-53,
-53,
-53,
-52,
-53,
-52,
-52,
-55,
-52,
-53,
-53,
-52,
-53,
-56,
-50,
-52,
-63,
-61,
-54,
-57,
-53,
-73,
-55,
-58,
-62,
-58,
-56,
-62,
-68,
-57,
-58,
-60,
-54,
-61,
-60,
-65,
-61,
-60,
-60,
-58,
-62,
-55,
-52,
-53,
-56,
-67,
-60,
-65,
-56,
-56,
-67,
-67,
-60,
-58,
-51,
-61,
-55,
-59,
-53,
-55,
-67,
-56,
-54,
-67,
-55,
-61,
-53,
-54,
-66,
-70,
-60,
-52,
-57,
-56,
-60,
-63,
-67,
-55,
-63,
-57,
-55,
-62,
-59,
-49,
-52,
-48,
-48,
-48,
-49,
-48,
-51,
-55,
-50,
-50,
-50,
-51,
-54,
-52,
-51,
-52,
-52,
-52,
-54,
-54,
-52,
-51,
-52,
-51,
-51,
-51,
-51,
-51,
-52,
-51,
-51,
-51,
-51,
-51,
-51,
-51,
-51,
-51,
-51,
-51,
-51,
-51,
-51,
-52,
-51,
-51,
-51,
-51,
-52,
-51,
-52,
-51,
-51,
-51,
-50,
-51,
-51,
-51,
-51,
-51,
-52,
-52,
-51,
-51,
-51,
-51,
-51,
-50,