-74,
-76,
-76,
-76,
-76,
-76,
-76,
-77,
-77,
-77,
-76,
-76,
-76,
-76,
-77,
-76,
-76,
-77,
-77,
-76,
-76,
-77,
-77,
-77,
-76,
-76,
-76,
-77,
-78,
-75,
-77,
-75,
-75,
-76,
-73,
-79,
-75,
-74,
-69,
-70,
-72,
-71,
-76,
-70,
-69,
-63,
-63,
-66,
-68,
-59,
-63,
-64,
-75,
-75,
-76,
-65,
-64,
-61,
-65,
-71,
-79,
-75,
-65,
-64,
-77,
-66,
-71,
-71,
-71,
-68,
-70,
-70,
-69,
-66,
-74,
-75,
-65,
-64,
-65,
-66,
-73,
-66,
-70,
-63,
-65,
-64,
-61,
-59,
-66,
-65,
-66,
-78,
-65,
-72,
-71,
-64,
-67,
-63,
-71,
-69,
-79,
-74,
-67,
-60,
-67,
-65,
-66,
-66,
-68,
-72,
-69,
-72,
-68,
-66,
-71,
-72,
-71,
-69,
-69,
-71,
-73,
-74,
-74,
-73,
-72,
-72,
-72,
-72,
-72,
-72,
-72,
-72,
-72,
-72,
-72,
-72,
-72,
-72,
-72,
-72,
-72,
-72,
-72,
-72,
-72,
-72,
-72,
-72,
-72,
-73,
-73,
-73,
-73,
-73,
-72,
-73,
-73,
-72,
-72,
-72,
-73,
-73,
-73,
-72,
-72,
-75,
-75,
-74,
-73,