-73,
-77,
-76,
-77,
-75,
-76,
-77,
-76,
-78,
-76,
-76,
-76,
-77,
-78,
-76,
-76,
-76,
-77,
-76,
-76,
-78,
-77,
-75,
-78,
-77,
-78,
-76,
-76,
-77,
-78,
-78,
-76,
-78,
-76,
-77,
-77,
-77,
-76,
-76,
-76,
-77,
-76,
-75,
-77,
-77,
-77,
-77,
-78,
-78,
-78,
-77,
-76,
-76,
-77,
-77,
-76,
-76,
-79,
-77,
-78,
-78,
-76,
-77,
-78,
-78,
-76,
-76,
-76,
-76,
-75,
-77,
-77,
-76,
-78,
-77,
-77,
-77,
-78,
-78,
-78,
-76,
-76,
-77,
-75,
-76,
-76,
-77,
-76,
-76,
-76,
-77,
-77,
-75,
-77,
-77,
-76,
-78,
-77,
-78,
-77,
-75,
-76,
-76,
-76,
-75,
-75,
-76,
-78,
-76,
-77,
-77,
-77,
-76,
-76,
-76,
-76,
-76,
-76,
-76,
-77,
-78,
-77,
-77,
-76,
-76,
-77,
-76,
-77,
-77,
-78,
-76,
-77,
-77,
-77,
-77,
-77,
-77,
-76,
-76,
-75,
-75,
-74,
-76,
-77,
-78,
-79,
-78,
-76,
-81,
-80,
-79,
-79,
-81,
-80,
-81,
-81,
-79,
-79,
-79,
-78,
-77,
-80,
-80,
-79,
-79,
-78,
-80,
-80,
-80,
-78,
-78,
-78,
-80,
-82,
-82,
-84,
-83,
-85,
-86,
-86,
-89,
-84,
-84,
-84,
-88,
-87,
-91,
-86,
-81,
-78,
-79,
-77,
-83,
-87,
-85,
-84,
-85,
-85,
-85,
-87,
-88,
-87,
-82,
-82,
-86,
-87,
-85,
-84,
-89,
-89,
-89,
-84,
-86,
-89,
-83,
-82,
-86,
-88,
-86,
-83,
-80,
-81,
-85,
-87,
-86,
-89,
-88,
-85,
-82,
-81,
-83,
-85,
-87,
-84,
-82,
-82,
-80,
-80,
-80,
-80,
-82,
-81,
-80,
-80,
-80,
-80,
-80,
-78,
-76,
-77,
-78,
-75,
-76,
-78,
-80,
-84,
-80,
-84,
-84,
-85,
-84,
-83,
-82,
-80,
-80,
-81,
-82,
-81,
-79,
-78,
-79,
-78,
-77,
-80,
-80,
-81,
-82,
-80,
-79,
-78,
-79,
-80,
-79,
-81,
-81,
-82,
-84,
-88,
-88,
-88,
-82,
-82,
-86,
-82,
-81,
-82,
-81,
-78,
-80,
-81,
-81,
-81,
-82,
-84,
-82,
-78,
-76,
-77,
-79,
-81,
-84,
-86,
-83,
-83,
-86,
-86,
-82,
-79,
-79,
-78,
-79,
-80,
-80,
-81,
-81,
-82,
-80,
-79,
-84,
-84,
-84,
-85,
-81,
-81,
-81,
-82,
-85,
-84,
-83,
-82,
-84,
-81,
-81,
-83,
-83,
-81,
-80,
-81,
-80,
-83,
-82,
-80,
-86,
-83,
-86,
-89,
-83,
-81,
-79,
-79,
-78,
-78,
-80,
-80,
-79,
-80,
-82,
-80,
-80,
-81,
-85,
-87,
-87,
-82,
-80,
-81,
-82,
-81,
-83,
-80,
-77,
-78,
-78,
-79,
-79,
-81,
-85,
-83,
-82,
-79,
-80,
-80,
-84,
-80,
-77,
-77,
-78,
-79,
-78,
-76,
-77,
-78,
-82,
-83,
-88,
-84,
-86,
-83,
-83,
-82,
-84,
-83,
-82,
-82,
-82,
-81,
-81,
-81,
-81,
-81,
-80,
-78,
-86,
-86,
-86,
-84,
-82,
-80,
-80,
-81,
-82,
-82,
-80,
-81,
-81,
-80,
-78,
-78,
-78,
-80,
-79,
-79,
-79,
-81,
-81,
-82,
-81,
-82,
-81,
-82,
-80,
-81,
-82,
-82,
-82,
-81,
-82,
-82,
-82,
-81,
-82,
-81,
-80,
-81,
-80,
-81,
-81,
-80,
-81,
-81,
-80,
-82,
-81,
-82,
-82,
-80,
-82,
-81,
-81,
-81,
-80,
-82,
-82,
-82,
-81,
-82,
-81,
-81,
-83,
-80,
-81,
-80,
-81,
-82,
-82,
-81,
-82,
-82,
-82,
-81,
-83,
-81,
-81,
-81,
-82,
-82,
-81,
-83,
-82,
-82,
-81,
-83,
-82,
-82,
-83,
-81,
-80,
-82,
-82,
-82,
-81,
-82,
-83,
-83,
-84,
-81,
-82,
-81,
-81,
-83,
-82,
-81,
-82,
-80,
-81,
-81,
-80,
-80,
-81,
-80,
-81,
-82,
-82,
-81,
-81,
-81,
-81,
-82,
-81,
-81,
-81,
-81,
-82,
-82,
-81,
-83,
-80,
-82,
-81,
-80,
-82,
-82,
-83,
-81,
-82,
-81,
-81,
-81,
-81,
-80,
-80,
-80,
-80,
-82,
-82,
-82,
-82,
-80,
-83,
-82,
-82,
-81,
-82,
-81,
-81,
-82,
-81,
-80,
-81,
-82,
-81,
-80,
-80,
-81,
-82,
-83,
-82,
-83,
-82,
-81,
-81,
-81,
-81,
-82,
-83,
-80,
-82,
-83,
-82,
-82,
-81,
-80,
-81,
-82,
-81,
-80,
-80,
-81,
-82,
-80,
-81,
-82,
-81,
-80,
-80,
-81,
-81,
-81,
-82,
-80,
-80,
-80,
-82,
-81,
-81,
-80,
-81,
-82,
-81,
-82,
-80,