-63,
-62,
-63,
-64,
-64,
-63,
-63,
-65,
-66,
-63,
-66,
-64,
-70,
-64,
-63,
-64,
-63,
-62,
-62,
-62,
-62,
-62,
-62,
-62,
-62,
-62,
-62,
-63,
-62,
-63,
-63,
-63,
-63,
-62,
-63,
-63,
-62,
-62,
-62,
-62,
-62,
-63,
-62,
-63,
-63,
-63,
-63,
-63,
-63,
-63,
-62,
-63,
-62,
-63,
-63,
-62,
-62,
-62,
-62,
-64,
-62,
-62,
-62,
-63,
-62,
-62,
-62,
-62,
-62,
-62,
-63,
-63,
-63,
-64,
-63,
-62,
-63,
-64,
-63,
-64,
-63,
-64,
-63,
-62,
-62,
-62,
-62,
-63,
-62,
-62,
-62,
-65,
-64,
-67,
-77,
-70,
-68,
-71,
-78,
-70,
-67,
-66,
-81,
-71,
-72,
-81,
-76,
-81,
-76,
-72,
-80,
-70,
-75,
-78,
-68,
-74,
-79,
-72,
-68,
-83,
-69,
-71,
-70,
-69,
-76,
-76,
-73,
-71,
-74,
-74,
-71,
-70,
-65,
-80,
-70,
-75,
-75,
-72,
-74,
-70,
-74,
-84,
-84,
-74,
-78,
-77,
-73,
-76,
-76,
-74,
-73,
-72,
-79,
-81,
-77,
-75,
-69,
-82,
-70,
-71,
-71,
-79,
-78,
-75,
-70,
-68,
-69,
-73,
-75,
-73,
-70,
-69,
-72,
-80,
-76,
-73,
-71,
-71,
-81,
-73,
-71,
-81,
-76,
-77,
-73,
-77,
-79,
-70,
-75,
-71,
-75,
-87,
-76,
-66,
-68,
-71,
-71,
-74,
-69,
-70,
-69,
-76,
-68,
-75,
-74,
-67,
-72,
-72,
-81,
-72,
-69,
-76,
-72,
-78,
-74,
-79,
-74,
-86,
-73,
-75,
-71,
-73,
-71,
-74,
-68,
-74,
-72,
-85,
-79,
-84,
-77,
-79,
-83,
-77,
-85,
-78,
-78,
-77,
-78,
-77,
-79,
-79,
-80,
-79,
-78,
-79,
-79,
-79,
-79,
-79,
-79,
-79,
-79,
-71,