-67,
-68,
-70,
-67,
-69,
-70,
-71,
-69,
-69,
-69,
-74,
-68,
-69,
-68,
-68,
-67,
-69,
-67,
-68,
-70,
-69,
-70,
-68,
-69,
-69,
-68,
-70,
-69,
-68,
-68,
-67,
-67,
-67,
-67,
-67,
-67,
-67,
-68,
-68,
-68,
-70,
-69,
-67,
-67,
-68,
-69,
-69,
-70,
-70,
-70,
-69,
-69,
-71,
-69,
-69,
-69,
-67,
-68,
-67,
-67,
-67,
-67,
-68,
-71,
-68,
-69,
-71,
-68,
-68,
-68,
-67,
-67,
-67,
-68,
-68,
-68,
-70,
-66,
-68,
-69,
-70,
-65,
-67,
-67,
-65,
-67,
-68,
-66,
-68,
-64,
-66,
-65,
-66,
-65,
-67,
-65,
-64,
-67,
-72,
-73,
-75,
-79,
-79,
-83,
-74,
-75,
-74,
-81,
-78,
-84,
-73,
-80,
-76,
-79,
-80,
-82,
-77,
-77,
-76,
-72,
-78,
-77,
-80,
-79,
-78,
-74,
-73,
-80,
-81,
-87,
-77,
-79,
-82,
-79,
-74,
-77,
-73,
-74,
-80,
-81,
-79,
-81,
-79,
-76,
-78,
-77,
-76,
-86,
-84,
-80,
-82,
-78,
-82,
-79,
-80,
-86,
-85,
-79,
-77,
-84,
-80,
-78,
-78,
-76,
-75,
-77,
-77,
-84,
-81,
-83,
-81,
-82,
-81,
-75,
-76,
-77,
-77,
-85,
-76,
-90,
-81,
-72,
-76,
-81,
-74,
-78,
-79,
-81,
-75,
-74,
-72,
-80,
-75,
-83,
-80,
-73,
-71,
-73,
-70,
-74,
-70,
-77,
-78,
-79,
-72,
-85,
-71,
-67,
-67,
-73,
-67,
-84,
-80,
-80,
-79,
-77,
-81,
-86,
-81,
-76,
-88,
-77,
-87,
-89,
-82,
-77,
-78,
-79,
-79,
-72,
-69,
-71,
-71,
-69,
-69,
-69,
-70,
-70,
-77,
-74,
-79,
-71,
-72,
-71,
-71,
-70,
-70,
-70,
-70,
-70,
-69,
-70,
-70,
-70,
-69,
-70,
-71,
-72,