-55,
-56,
-52,
-50,
-52,
-52,
-53,
-48,
-51,
-53,
-53,
-51,
-52,
-51,
-52,
-53,
-51,
-51,
-52,
-52,
-51,
-53,
-53,
-56,
-58,
-56,
-53,
-52,
-53,
-55,
-57,
-54,
-54,
-56,
-57,
-57,
-53,
-52,
-54,
-54,
-55,
-54,
-54,
-54,
-54,
-54,
-54,
-53,
-53,
-53,
-53,
-52,
-53,
-52,
-52,
-52,
-53,
-53,
-54,
-53,
-53,
-51,
-52,
-51,
-52,
-52,
-53,
-51,
-53,
-52,
-52,
-50,
-52,
-53,
-53,
-55,
-51,
-50,
-52,
-52,
-56,
-54,
-54,
-54,
-54,
-51,
-52,
-57,
-52,
-52,
-53,
-51,
-53,
-53,
-50,
-53,
-50,
-45,
-53,
-70,
-52,
-53,
-52,
-57,
-49,
-61,
-61,
-55,
-54,
-51,
-51,
-56,
-58,
-60,
-65,
-64,
-60,
-53,
-55,
-66,
-59,
-58,
-56,
-61,
-53,
-58,
-55,
-55,
-54,
-59,
-62,
-58,
-53,
-57,
-59,
-78,
-54,
-53,
-50,
-50,
-64,
-49,
-60,
-58,
-52,
-51,
-52,
-52,
-51,
-51,
-53,
-72,
-49,
-59,
-50,
-51,
-51,
-53,
-51,
-52,
-54,
-52,
-56,
-55,
-54,
-59,
-59,
-59,
-59,
-57,
-50,
-51,
-52,
-71,
-63,
-61,
-54,
-59,
-52,
-48,
-53,
-60,
-61,
-57,
-51,
-59,
-50,
-51,
-68,
-57,
-53,
-52,
-56,
-55,
-50,
-61,
-67,
-52,
-50,
-50,
-53,
-51,
-55,
-62,
-57,
-64,
-63,
-67,
-72,
-63,
-61,
-64,
-55,
-58,
-68,
-57,
-52,
-53,
-51,
-54,
-59,
-61,
-54,
-49,
-48,
-59,
-46,
-48,
-46,
-50,
-53,
-53,
-49,
-51,
-51,
-50,
-50,
-51,
-50,
-51,
-50,
-50,
-51,
-50,
-50,
-50,
-50,
-50,
-50,
-50,
-51,
-50,
-50,
-50,
-50,
-52,
-50,
-50,
-50,
-51,