-47,
-49,
-48,
-48,
-48,
-47,
-49,
-47,
-47,
-47,
-49,
-53,
-49,
-46,
-45,
-47,
-45,
-45,
-46,
-45,
-46,
-46,
-46,
-46,
-46,
-46,
-46,
-47,
-46,
-46,
-45,
-46,
-46,
-47,
-47,
-47,
-46,
-47,
-46,
-46,
-48,
-46,
-45,
-46,
-46,
-46,
-48,
-47,
-46,
-46,
-46,
-46,
-46,
-46,
-46,
-47,
-46,
-47,
-46,
-46,
-46,
-47,
-45,
-47,
-48,
-47,
-46,
-46,
-47,
-49,
-46,
-46,
-45,
-46,
-45,
-45,
-45,
-46,
-46,
-46,
-48,
-47,
-47,
-45,
-47,
-46,
-46,
-47,
-46,
-46,
-46,
-46,
-45,
-46,
-47,
-47,
-45,
-46,
-47,
-46,
-48,
-47,
-46,
-53,
-63,
-84,
-66,
-77,
-62,
-65,
-70,
-64,
-74,
-78,
-65,
-60,
-62,
-70,
-59,
-67,
-69,
-62,
-64,
-67,
-61,
-61,
-64,
-66,
-72,
-72,
-66,
-74,
-66,
-62,
-65,
-76,
-67,
-65,
-78,
-68,
-76,
-70,
-62,
-65,
-65,
-65,
-71,
-62,
-66,
-77,
-61,
-67,
-66,
-67,
-78,
-78,
-63,
-66,
-69,
-76,
-65,
-68,
-70,
-71,
-73,
-64,
-72,
-63,
-73,
-62,
-70,
-71,
-64,
-66,
-61,
-63,
-66,
-78,
-76,
-66,
-65,
-67,
-67,
-76,
-80,
-68,
-66,
-65,
-67,
-68,
-63,
-71,
-80,
-74,
-71,
-67,
-67,
-65,
-69,
-67,
-61,
-56,
-59,
-60,
-60,
-59,
-69,
-54,
-55,
-59,
-59,
-63,
-61,
-61,
-68,
-54,
-55,
-67,
-63,
-74,
-65,
-64,
-69,
-81,
-62,
-57,
-60,
-72,
-60,
-57,
-57,
-59,
-55,
-50,
-50,
-57,
-61,
-54,
-48,
-50,
-49,
-50,
-51,
-50,
-51,
-50,
-50,
-50,
-50,
-50,
-50,
-50,
-50,
-51,
-50,
-50,
-50,
-50,
-50,
-50,
-51,
-50,
-51,
-50,
-50,